# Force coefficients
# liftDir    : (1.000000e+00 0.000000e+00 0.000000e+00)
# dragDir    : (0.000000e+00 0.000000e+00 1.000000e+00)
# pitchAxis  : (0.000000e+00 1.000000e+00 0.000000e+00)
# magUInf    : 1.000000e+02
# lRef       : 1.000000e+00
# Aref       : 1.356200e-03
# CofR       : (0.000000e+00 0.000000e+00 3.810000e-01)
# Time       	Cm           	Cd           	Cl           	Cl(f)        	Cl(r)        	Cm	Cd	Cl	Cl(f)	Cl(r)
1.000000e+00	-4.156243e+00	-8.869142e+01	-6.508844e+01	-3.670046e+01	-2.838797e+01
2.000000e+00	-2.339567e+00	-5.539755e+01	-3.792379e+01	-2.130146e+01	-1.662233e+01
3.000000e+00	2.470465e-01	9.438399e+00	9.814068e+00	5.154081e+00	4.659988e+00
4.000000e+00	9.288946e-01	3.418494e+01	2.495566e+01	1.340673e+01	1.154894e+01
5.000000e+00	5.263385e-01	1.803811e+01	1.016295e+01	5.607812e+00	4.555135e+00
6.000000e+00	1.448572e-01	-7.308390e+00	-7.209932e+00	-3.460109e+00	-3.749823e+00
7.000000e+00	-5.693709e-02	-1.769027e+01	-1.063292e+01	-5.373397e+00	-5.259523e+00
8.000000e+00	-2.254335e-01	-9.342778e+00	-3.359787e+00	-1.905327e+00	-1.454460e+00
9.000000e+00	-3.095700e-01	2.792332e+00	3.258513e+00	1.319687e+00	1.938827e+00
1.000000e+01	-2.369882e-01	7.269340e+00	3.582448e+00	1.554236e+00	2.028212e+00
1.100000e+01	-8.580891e-02	2.405723e+00	4.370977e-02	-6.395402e-02	1.076638e-01
1.200000e+01	1.227244e-02	-3.793652e+00	-2.471959e+00	-1.223707e+00	-1.248252e+00
1.300000e+01	1.464318e-02	-5.304006e+00	-2.019683e+00	-9.951982e-01	-1.024485e+00
1.400000e+01	-2.755712e-02	-2.578825e+00	-1.833426e-01	-1.192284e-01	-6.411420e-02
1.500000e+01	-6.316284e-02	5.481192e-01	8.245312e-01	3.491027e-01	4.754284e-01
1.600000e+01	-8.201635e-02	1.188395e+00	4.103116e-01	1.231394e-01	2.871721e-01
1.700000e+01	-9.152163e-02	-3.020242e-01	-5.166512e-01	-3.498472e-01	-1.668040e-01
1.800000e+01	-9.373758e-02	-1.841653e+00	-9.437551e-01	-5.656151e-01	-3.781400e-01
1.900000e+01	-8.535048e-02	-2.086648e+00	-6.942384e-01	-4.324697e-01	-2.617687e-01
2.000000e+01	-6.886740e-02	-1.306566e+00	-2.292443e-01	-1.834895e-01	-4.575473e-02
2.100000e+01	-5.366759e-02	-5.340351e-01	-6.894441e-03	-5.711481e-02	5.022037e-02
2.200000e+01	-4.819935e-02	-4.181379e-01	-9.881795e-02	-9.760833e-02	-1.209620e-03
2.300000e+01	-5.364378e-02	-8.000997e-01	-2.986107e-01	-2.029491e-01	-9.566156e-02
2.400000e+01	-6.427663e-02	-1.152786e+00	-4.028145e-01	-2.656839e-01	-1.371306e-01
2.500000e+01	-7.233217e-02	-1.172542e+00	-3.717098e-01	-2.581871e-01	-1.135227e-01
2.600000e+01	-7.360083e-02	-9.519447e-01	-2.839330e-01	-2.155674e-01	-6.836569e-02
2.700000e+01	-6.914324e-02	-7.624947e-01	-2.272870e-01	-1.827867e-01	-4.450026e-02
2.800000e+01	-6.264155e-02	-7.477903e-01	-2.261558e-01	-1.757194e-01	-5.043632e-02
2.900000e+01	-5.804603e-02	-8.525218e-01	-2.530008e-01	-1.845464e-01	-6.845438e-02
3.000000e+01	-5.688477e-02	-9.351241e-01	-2.709639e-01	-1.923667e-01	-7.859719e-02
3.100000e+01	-5.837193e-02	-9.245549e-01	-2.661780e-01	-1.914610e-01	-7.471709e-02
3.200000e+01	-6.051358e-02	-8.537786e-01	-2.487442e-01	-1.848857e-01	-6.385853e-02
3.300000e+01	-6.159688e-02	-7.960906e-01	-2.350091e-01	-1.791014e-01	-5.590768e-02
3.400000e+01	-6.096966e-02	-7.872464e-01	-2.336120e-01	-1.777757e-01	-5.583636e-02
3.500000e+01	-5.950872e-02	-8.109102e-01	-2.394252e-01	-1.792213e-01	-6.020389e-02
3.600000e+01	-5.821364e-02	-8.294057e-01	-2.426233e-01	-1.795253e-01	-6.309800e-02
3.700000e+01	-5.741241e-02	-8.224554e-01	-2.383725e-01	-1.765986e-01	-6.177382e-02
3.800000e+01	-5.696149e-02	-7.981162e-01	-2.295822e-01	-1.717526e-01	-5.782962e-02
3.900000e+01	-5.650430e-02	-7.775691e-01	-2.223460e-01	-1.676773e-01	-5.466869e-02
4.000000e+01	-5.601231e-02	-7.699325e-01	-2.201842e-01	-1.661044e-01	-5.407977e-02
4.100000e+01	-5.559183e-02	-7.712909e-01	-2.213687e-01	-1.662762e-01	-5.509254e-02
4.200000e+01	-5.530963e-02	-7.713320e-01	-2.223279e-01	-1.664736e-01	-5.585430e-02
4.300000e+01	-5.492486e-02	-7.652453e-01	-2.203150e-01	-1.650824e-01	-5.523266e-02
4.400000e+01	-5.438053e-02	-7.543138e-01	-2.163478e-01	-1.625544e-01	-5.379338e-02
4.500000e+01	-5.371400e-02	-7.439713e-01	-2.123560e-01	-1.598920e-01	-5.246399e-02
4.600000e+01	-5.306118e-02	-7.379239e-01	-2.101401e-01	-1.581312e-01	-5.200886e-02
4.700000e+01	-5.261633e-02	-7.348186e-01	-2.095317e-01	-1.573822e-01	-5.214953e-02
4.800000e+01	-5.234540e-02	-7.313685e-01	-2.090450e-01	-1.568679e-01	-5.217713e-02
4.900000e+01	-5.208255e-02	-7.260772e-01	-2.078026e-01	-1.559839e-01	-5.181877e-02
5.000000e+01	-5.169500e-02	-7.191365e-01	-2.058629e-01	-1.546265e-01	-5.123647e-02
5.100000e+01	-5.117954e-02	-7.122442e-01	-2.038534e-01	-1.531063e-01	-5.074718e-02
5.200000e+01	-5.067334e-02	-7.068858e-01	-2.024836e-01	-1.519152e-01	-5.056848e-02
5.300000e+01	-5.023307e-02	-7.027687e-01	-2.013755e-01	-1.509208e-01	-5.045467e-02
5.400000e+01	-4.986622e-02	-6.989729e-01	-2.003176e-01	-1.500250e-01	-5.029260e-02
5.500000e+01	-4.954769e-02	-6.943386e-01	-1.992499e-01	-1.491726e-01	-5.007725e-02
5.600000e+01	-4.920224e-02	-6.891928e-01	-1.981659e-01	-1.482852e-01	-4.988072e-02
5.700000e+01	-4.884739e-02	-6.839928e-01	-1.971648e-01	-1.474298e-01	-4.973503e-02
5.800000e+01	-4.852322e-02	-6.791927e-01	-1.963214e-01	-1.466839e-01	-4.963745e-02
5.900000e+01	-4.820674e-02	-6.752584e-01	-1.955374e-01	-1.459754e-01	-4.956197e-02
6.000000e+01	-4.790288e-02	-6.712675e-01	-1.947244e-01	-1.452651e-01	-4.945935e-02
6.100000e+01	-4.760639e-02	-6.670035e-01	-1.939252e-01	-1.445690e-01	-4.935622e-02
6.200000e+01	-4.730370e-02	-6.631250e-01	-1.931430e-01	-1.438752e-01	-4.926780e-02
6.300000e+01	-4.700884e-02	-6.591816e-01	-1.924825e-01	-1.432501e-01	-4.923243e-02
6.400000e+01	-4.674768e-02	-6.550476e-01	-1.918593e-01	-1.426774e-01	-4.918198e-02
6.500000e+01	-4.650291e-02	-6.509261e-01	-1.912511e-01	-1.421284e-01	-4.912262e-02
6.600000e+01	-4.628273e-02	-6.471052e-01	-1.907503e-01	-1.416579e-01	-4.909243e-02
6.700000e+01	-4.606720e-02	-6.437893e-01	-1.902278e-01	-1.411811e-01	-4.904670e-02
6.800000e+01	-4.585036e-02	-6.404245e-01	-1.897304e-01	-1.407156e-01	-4.901485e-02
6.900000e+01	-4.563776e-02	-6.368086e-01	-1.892742e-01	-1.402748e-01	-4.899933e-02
7.000000e+01	-4.544201e-02	-6.329405e-01	-1.888131e-01	-1.398486e-01	-4.896457e-02
7.100000e+01	-4.525893e-02	-6.294857e-01	-1.883871e-01	-1.394525e-01	-4.893462e-02
7.200000e+01	-4.510262e-02	-6.263101e-01	-1.880303e-01	-1.391178e-01	-4.891254e-02
7.300000e+01	-4.494976e-02	-6.232599e-01	-1.876768e-01	-1.387881e-01	-4.888862e-02
7.400000e+01	-4.480683e-02	-6.199829e-01	-1.873445e-01	-1.384791e-01	-4.886542e-02
7.500000e+01	-4.466288e-02	-6.167111e-01	-1.869960e-01	-1.381609e-01	-4.883512e-02
7.600000e+01	-4.453416e-02	-6.137192e-01	-1.866762e-01	-1.378723e-01	-4.880394e-02
7.700000e+01	-4.441471e-02	-6.108317e-01	-1.863904e-01	-1.376099e-01	-4.878050e-02
7.800000e+01	-4.430232e-02	-6.077988e-01	-1.861510e-01	-1.373778e-01	-4.877317e-02
7.900000e+01	-4.419580e-02	-6.048762e-01	-1.859097e-01	-1.371506e-01	-4.875904e-02
8.000000e+01	-4.410081e-02	-6.020444e-01	-1.856657e-01	-1.369337e-01	-4.873204e-02
8.100000e+01	-4.401172e-02	-5.993163e-01	-1.854322e-01	-1.367278e-01	-4.870437e-02
8.200000e+01	-4.392695e-02	-5.966529e-01	-1.852332e-01	-1.365436e-01	-4.868967e-02
8.300000e+01	-4.385533e-02	-5.939596e-01	-1.850555e-01	-1.363831e-01	-4.867240e-02
8.400000e+01	-4.378608e-02	-5.913631e-01	-1.848708e-01	-1.362215e-01	-4.864933e-02
8.500000e+01	-4.371790e-02	-5.888545e-01	-1.847130e-01	-1.360744e-01	-4.863858e-02
8.600000e+01	-4.364902e-02	-5.863784e-01	-1.845727e-01	-1.359354e-01	-4.863732e-02
8.700000e+01	-4.359005e-02	-5.839873e-01	-1.844490e-01	-1.358145e-01	-4.863444e-02
8.800000e+01	-4.353252e-02	-5.816221e-01	-1.843254e-01	-1.356952e-01	-4.863020e-02
8.900000e+01	-4.348299e-02	-5.793062e-01	-1.842233e-01	-1.355946e-01	-4.862865e-02
9.000000e+01	-4.343054e-02	-5.770156e-01	-1.841258e-01	-1.354934e-01	-4.863237e-02
9.100000e+01	-4.338519e-02	-5.748138e-01	-1.840563e-01	-1.354133e-01	-4.864294e-02
9.200000e+01	-4.333600e-02	-5.726373e-01	-1.839724e-01	-1.353222e-01	-4.865020e-02
9.300000e+01	-4.328957e-02	-5.705016e-01	-1.839287e-01	-1.352539e-01	-4.867477e-02
9.400000e+01	-4.324411e-02	-5.684338e-01	-1.838681e-01	-1.351781e-01	-4.868992e-02
9.500000e+01	-4.320267e-02	-5.663972e-01	-1.838493e-01	-1.351273e-01	-4.872199e-02
9.600000e+01	-4.315816e-02	-5.644019e-01	-1.838198e-01	-1.350681e-01	-4.875174e-02
9.700000e+01	-4.311924e-02	-5.624516e-01	-1.838066e-01	-1.350225e-01	-4.878406e-02
9.800000e+01	-4.307424e-02	-5.605228e-01	-1.837913e-01	-1.349699e-01	-4.882142e-02
9.900000e+01	-4.303600e-02	-5.586417e-01	-1.837922e-01	-1.349321e-01	-4.886011e-02
1.000000e+02	-4.298805e-02	-5.567679e-01	-1.838068e-01	-1.348915e-01	-4.891536e-02
1.010000e+02	-4.295018e-02	-5.549451e-01	-1.838147e-01	-1.348575e-01	-4.895715e-02
1.020000e+02	-4.290417e-02	-5.531502e-01	-1.838351e-01	-1.348217e-01	-4.901337e-02
1.030000e+02	-4.286698e-02	-5.514069e-01	-1.838549e-01	-1.347944e-01	-4.906044e-02
1.040000e+02	-4.282117e-02	-5.496760e-01	-1.838832e-01	-1.347628e-01	-4.912045e-02
1.050000e+02	-4.277904e-02	-5.479741e-01	-1.839282e-01	-1.347431e-01	-4.918505e-02
1.060000e+02	-4.273257e-02	-5.462860e-01	-1.839627e-01	-1.347139e-01	-4.924878e-02
1.070000e+02	-4.269090e-02	-5.446229e-01	-1.840083e-01	-1.346950e-01	-4.931324e-02
1.080000e+02	-4.264853e-02	-5.429793e-01	-1.840286e-01	-1.346629e-01	-4.936578e-02
1.090000e+02	-4.260811e-02	-5.412120e-01	-1.840698e-01	-1.346430e-01	-4.942678e-02
1.100000e+02	-4.256147e-02	-5.394912e-01	-1.841045e-01	-1.346137e-01	-4.949079e-02
1.110000e+02	-4.251859e-02	-5.379102e-01	-1.841518e-01	-1.345945e-01	-4.955730e-02
1.120000e+02	-4.247106e-02	-5.364192e-01	-1.841897e-01	-1.345659e-01	-4.962378e-02
1.130000e+02	-4.242991e-02	-5.349398e-01	-1.842346e-01	-1.345472e-01	-4.968739e-02
1.140000e+02	-4.238671e-02	-5.333296e-01	-1.842658e-01	-1.345196e-01	-4.974618e-02
1.150000e+02	-4.234762e-02	-5.317045e-01	-1.843038e-01	-1.344995e-01	-4.980430e-02
1.160000e+02	-4.230158e-02	-5.301607e-01	-1.843290e-01	-1.344661e-01	-4.986292e-02
1.170000e+02	-4.226070e-02	-5.286474e-01	-1.843621e-01	-1.344418e-01	-4.992035e-02
1.180000e+02	-4.221753e-02	-5.271489e-01	-1.843843e-01	-1.344097e-01	-4.997460e-02
1.190000e+02	-4.217959e-02	-5.256944e-01	-1.844108e-01	-1.343850e-01	-5.002581e-02
1.200000e+02	-4.213707e-02	-5.242545e-01	-1.844223e-01	-1.343482e-01	-5.007410e-02
1.210000e+02	-4.209869e-02	-5.228042e-01	-1.844371e-01	-1.343173e-01	-5.011988e-02
1.220000e+02	-4.205729e-02	-5.213441e-01	-1.844424e-01	-1.342785e-01	-5.016392e-02
1.230000e+02	-4.202245e-02	-5.198938e-01	-1.844452e-01	-1.342451e-01	-5.020017e-02
1.240000e+02	-4.198476e-02	-5.184659e-01	-1.844408e-01	-1.342051e-01	-5.023562e-02
1.250000e+02	-4.194980e-02	-5.170580e-01	-1.844348e-01	-1.341672e-01	-5.026761e-02
1.260000e+02	-4.191360e-02	-5.156592e-01	-1.844184e-01	-1.341228e-01	-5.029562e-02
1.270000e+02	-4.188076e-02	-5.142652e-01	-1.844006e-01	-1.340811e-01	-5.031956e-02
1.280000e+02	-4.184851e-02	-5.128788e-01	-1.843775e-01	-1.340372e-01	-5.034022e-02
1.290000e+02	-4.181876e-02	-5.114964e-01	-1.843507e-01	-1.339941e-01	-5.035662e-02
1.300000e+02	-4.179066e-02	-5.101395e-01	-1.843134e-01	-1.339474e-01	-5.036605e-02
1.310000e+02	-4.176182e-02	-5.087958e-01	-1.842710e-01	-1.338973e-01	-5.037367e-02
1.320000e+02	-4.173308e-02	-5.074648e-01	-1.842339e-01	-1.338500e-01	-5.038387e-02
1.330000e+02	-4.170521e-02	-5.061378e-01	-1.841869e-01	-1.337986e-01	-5.038823e-02
1.340000e+02	-4.168149e-02	-5.048299e-01	-1.841408e-01	-1.337519e-01	-5.038890e-02
1.350000e+02	-4.165734e-02	-5.035337e-01	-1.840835e-01	-1.336991e-01	-5.038440e-02
1.360000e+02	-4.163593e-02	-5.022561e-01	-1.840250e-01	-1.336484e-01	-5.037656e-02
1.370000e+02	-4.161108e-02	-5.009874e-01	-1.839672e-01	-1.335947e-01	-5.037252e-02
1.380000e+02	-4.158972e-02	-4.997414e-01	-1.839125e-01	-1.335460e-01	-5.036652e-02
1.390000e+02	-4.156701e-02	-4.985083e-01	-1.838474e-01	-1.334907e-01	-5.035669e-02
1.400000e+02	-4.154885e-02	-4.972890e-01	-1.837852e-01	-1.334415e-01	-5.034376e-02
1.410000e+02	-4.152804e-02	-4.960858e-01	-1.837143e-01	-1.333852e-01	-5.032912e-02
1.420000e+02	-4.150960e-02	-4.949073e-01	-1.836523e-01	-1.333357e-01	-5.031655e-02
1.430000e+02	-4.148859e-02	-4.937340e-01	-1.835831e-01	-1.332801e-01	-5.030295e-02
1.440000e+02	-4.147149e-02	-4.925855e-01	-1.835205e-01	-1.332317e-01	-5.028874e-02
1.450000e+02	-4.145076e-02	-4.914538e-01	-1.834517e-01	-1.331766e-01	-5.027511e-02
1.460000e+02	-4.143476e-02	-4.903371e-01	-1.833881e-01	-1.331288e-01	-5.025932e-02
1.470000e+02	-4.141458e-02	-4.892365e-01	-1.833201e-01	-1.330746e-01	-5.024546e-02
1.480000e+02	-4.139822e-02	-4.881572e-01	-1.832590e-01	-1.330277e-01	-5.023131e-02
1.490000e+02	-4.137943e-02	-4.870888e-01	-1.831892e-01	-1.329740e-01	-5.021516e-02
1.500000e+02	-4.136303e-02	-4.860441e-01	-1.831319e-01	-1.329290e-01	-5.020290e-02
1.510000e+02	-4.134285e-02	-4.850097e-01	-1.830693e-01	-1.328775e-01	-5.019179e-02
1.520000e+02	-4.132702e-02	-4.839945e-01	-1.830123e-01	-1.328332e-01	-5.017913e-02
1.530000e+02	-4.130707e-02	-4.829922e-01	-1.829518e-01	-1.327830e-01	-5.016885e-02
1.540000e+02	-4.129079e-02	-4.820104e-01	-1.828988e-01	-1.327402e-01	-5.015863e-02
1.550000e+02	-4.127158e-02	-4.810377e-01	-1.828404e-01	-1.326918e-01	-5.014862e-02
1.560000e+02	-4.125542e-02	-4.800839e-01	-1.827904e-01	-1.326506e-01	-5.013976e-02
1.570000e+02	-4.123584e-02	-4.791393e-01	-1.827359e-01	-1.326038e-01	-5.013210e-02
1.580000e+02	-4.121909e-02	-4.782125e-01	-1.826903e-01	-1.325642e-01	-5.012606e-02
1.590000e+02	-4.119915e-02	-4.772951e-01	-1.826404e-01	-1.325194e-01	-5.012106e-02
1.600000e+02	-4.118249e-02	-4.763937e-01	-1.825988e-01	-1.324819e-01	-5.011691e-02
1.610000e+02	-4.116258e-02	-4.754996e-01	-1.825515e-01	-1.324383e-01	-5.011319e-02
1.620000e+02	-4.114588e-02	-4.746197e-01	-1.825130e-01	-1.324024e-01	-5.011060e-02
1.630000e+02	-4.112563e-02	-4.737471e-01	-1.824696e-01	-1.323604e-01	-5.010918e-02
1.640000e+02	-4.110838e-02	-4.728880e-01	-1.824372e-01	-1.323270e-01	-5.011024e-02
1.650000e+02	-4.108751e-02	-4.720348e-01	-1.823996e-01	-1.322873e-01	-5.011229e-02
1.660000e+02	-4.106721e-02	-4.712436e-01	-1.823708e-01	-1.322526e-01	-5.011820e-02
1.670000e+02	-4.104403e-02	-4.704428e-01	-1.823375e-01	-1.322128e-01	-5.012474e-02
1.680000e+02	-4.102569e-02	-4.696196e-01	-1.823157e-01	-1.321835e-01	-5.013215e-02
1.690000e+02	-4.100576e-02	-4.687876e-01	-1.822869e-01	-1.321492e-01	-5.013770e-02
1.700000e+02	-4.099107e-02	-4.679587e-01	-1.822558e-01	-1.321189e-01	-5.013681e-02
1.710000e+02	-4.097190e-02	-4.671483e-01	-1.822221e-01	-1.320829e-01	-5.013914e-02
1.720000e+02	-4.095087e-02	-4.663597e-01	-1.822086e-01	-1.320552e-01	-5.015343e-02
1.730000e+02	-4.092621e-02	-4.655858e-01	-1.821956e-01	-1.320240e-01	-5.017161e-02
1.740000e+02	-4.090080e-02	-4.648538e-01	-1.821960e-01	-1.319988e-01	-5.019721e-02
1.750000e+02	-4.087523e-02	-4.641071e-01	-1.821890e-01	-1.319697e-01	-5.021927e-02
1.760000e+02	-4.085433e-02	-4.633370e-01	-1.821808e-01	-1.319447e-01	-5.023607e-02
1.770000e+02	-4.083234e-02	-4.625578e-01	-1.821685e-01	-1.319166e-01	-5.025193e-02
1.780000e+02	-4.080996e-02	-4.617958e-01	-1.821656e-01	-1.318928e-01	-5.027284e-02
1.790000e+02	-4.078357e-02	-4.610534e-01	-1.821672e-01	-1.318672e-01	-5.030003e-02
1.800000e+02	-4.075698e-02	-4.603238e-01	-1.821770e-01	-1.318455e-01	-5.033153e-02
1.810000e+02	-4.072903e-02	-4.595926e-01	-1.821862e-01	-1.318221e-01	-5.036407e-02
1.820000e+02	-4.070241e-02	-4.588601e-01	-1.821988e-01	-1.318018e-01	-5.039697e-02
1.830000e+02	-4.067461e-02	-4.581265e-01	-1.822111e-01	-1.317802e-01	-5.043095e-02
1.840000e+02	-4.064646e-02	-4.574002e-01	-1.822292e-01	-1.317611e-01	-5.046814e-02
1.850000e+02	-4.061592e-02	-4.566818e-01	-1.822515e-01	-1.317416e-01	-5.050981e-02
1.860000e+02	-4.058488e-02	-4.559732e-01	-1.822799e-01	-1.317248e-01	-5.055505e-02
1.870000e+02	-4.055281e-02	-4.552694e-01	-1.823094e-01	-1.317075e-01	-5.060187e-02
1.880000e+02	-4.052028e-02	-4.545638e-01	-1.823424e-01	-1.316915e-01	-5.065093e-02
1.890000e+02	-4.048669e-02	-4.538589e-01	-1.823781e-01	-1.316757e-01	-5.070234e-02
1.900000e+02	-4.045202e-02	-4.531610e-01	-1.824186e-01	-1.316613e-01	-5.075727e-02
1.910000e+02	-4.041618e-02	-4.524698e-01	-1.824633e-01	-1.316478e-01	-5.081546e-02
1.920000e+02	-4.037941e-02	-4.517844e-01	-1.825120e-01	-1.316354e-01	-5.087658e-02
1.930000e+02	-4.034218e-02	-4.511042e-01	-1.825628e-01	-1.316236e-01	-5.093920e-02
1.940000e+02	-4.030402e-02	-4.504267e-01	-1.826149e-01	-1.316115e-01	-5.100343e-02
1.950000e+02	-4.026495e-02	-4.497498e-01	-1.826723e-01	-1.316011e-01	-5.107122e-02
1.960000e+02	-4.022410e-02	-4.490779e-01	-1.827342e-01	-1.315912e-01	-5.114301e-02
1.970000e+02	-4.018341e-02	-4.484132e-01	-1.827994e-01	-1.315831e-01	-5.121630e-02
1.980000e+02	-4.014175e-02	-4.477537e-01	-1.828643e-01	-1.315739e-01	-5.129040e-02
1.990000e+02	-4.010013e-02	-4.471461e-01	-1.829312e-01	-1.315657e-01	-5.136546e-02
2.000000e+02	-4.005619e-02	-4.465272e-01	-1.830023e-01	-1.315573e-01	-5.144495e-02
2.010000e+02	-4.001251e-02	-4.458762e-01	-1.830769e-01	-1.315509e-01	-5.152592e-02
2.020000e+02	-3.996796e-02	-4.452080e-01	-1.831521e-01	-1.315440e-01	-5.160808e-02
2.030000e+02	-3.992398e-02	-4.445524e-01	-1.832307e-01	-1.315393e-01	-5.169137e-02
2.040000e+02	-3.987866e-02	-4.439199e-01	-1.833097e-01	-1.315335e-01	-5.177617e-02
2.050000e+02	-3.983355e-02	-4.433020e-01	-1.833929e-01	-1.315300e-01	-5.186289e-02
2.060000e+02	-3.978714e-02	-4.426854e-01	-1.834753e-01	-1.315248e-01	-5.195049e-02
2.070000e+02	-3.974133e-02	-4.420650e-01	-1.835599e-01	-1.315213e-01	-5.203863e-02
2.080000e+02	-3.969443e-02	-4.414411e-01	-1.836439e-01	-1.315164e-01	-5.212753e-02
2.090000e+02	-3.964837e-02	-4.408244e-01	-1.837300e-01	-1.315134e-01	-5.221662e-02
2.100000e+02	-3.960167e-02	-4.402159e-01	-1.838152e-01	-1.315093e-01	-5.230595e-02
2.110000e+02	-3.955590e-02	-4.396180e-01	-1.839020e-01	-1.315069e-01	-5.239512e-02
2.120000e+02	-3.950945e-02	-4.390182e-01	-1.839873e-01	-1.315031e-01	-5.248422e-02
2.130000e+02	-3.946359e-02	-4.384203e-01	-1.840740e-01	-1.315006e-01	-5.257339e-02
2.140000e+02	-3.941673e-02	-4.378168e-01	-1.841593e-01	-1.314964e-01	-5.266293e-02
2.150000e+02	-3.937157e-02	-4.372244e-01	-1.842454e-01	-1.314943e-01	-5.275115e-02
2.160000e+02	-3.932638e-02	-4.366426e-01	-1.843288e-01	-1.314908e-01	-5.283805e-02
2.170000e+02	-3.928259e-02	-4.360696e-01	-1.844126e-01	-1.314889e-01	-5.292369e-02
2.180000e+02	-3.923812e-02	-4.354945e-01	-1.844943e-01	-1.314853e-01	-5.300902e-02
2.190000e+02	-3.919435e-02	-4.349201e-01	-1.845768e-01	-1.314828e-01	-5.309405e-02
2.200000e+02	-3.915070e-02	-4.343452e-01	-1.846568e-01	-1.314791e-01	-5.317770e-02
2.210000e+02	-3.910879e-02	-4.337778e-01	-1.847351e-01	-1.314763e-01	-5.325876e-02
2.220000e+02	-3.906720e-02	-4.332150e-01	-1.848107e-01	-1.314726e-01	-5.333816e-02
2.230000e+02	-3.902653e-02	-4.326591e-01	-1.848856e-01	-1.314693e-01	-5.341627e-02
2.240000e+02	-3.898588e-02	-4.321032e-01	-1.849585e-01	-1.314651e-01	-5.349336e-02
2.250000e+02	-3.894656e-02	-4.315495e-01	-1.850298e-01	-1.314615e-01	-5.356835e-02
2.260000e+02	-3.890796e-02	-4.309974e-01	-1.850983e-01	-1.314571e-01	-5.364117e-02
2.270000e+02	-3.887036e-02	-4.304513e-01	-1.851651e-01	-1.314529e-01	-5.371220e-02
2.280000e+02	-3.883359e-02	-4.299069e-01	-1.852289e-01	-1.314480e-01	-5.378086e-02
2.290000e+02	-3.879779e-02	-4.293668e-01	-1.852909e-01	-1.314432e-01	-5.384765e-02
2.300000e+02	-3.876284e-02	-4.288287e-01	-1.853503e-01	-1.314380e-01	-5.391230e-02
2.310000e+02	-3.872889e-02	-4.282947e-01	-1.854072e-01	-1.314325e-01	-5.397470e-02
2.320000e+02	-3.869579e-02	-4.277610e-01	-1.854615e-01	-1.314266e-01	-5.403498e-02
2.330000e+02	-3.866376e-02	-4.272309e-01	-1.855140e-01	-1.314207e-01	-5.409323e-02
2.340000e+02	-3.863257e-02	-4.267035e-01	-1.855637e-01	-1.314144e-01	-5.414929e-02
2.350000e+02	-3.860248e-02	-4.261805e-01	-1.856108e-01	-1.314079e-01	-5.420291e-02
2.360000e+02	-3.857337e-02	-4.256581e-01	-1.856549e-01	-1.314008e-01	-5.425407e-02
2.370000e+02	-3.854510e-02	-4.251387e-01	-1.856973e-01	-1.313938e-01	-5.430357e-02
2.380000e+02	-3.851784e-02	-4.246212e-01	-1.857375e-01	-1.313866e-01	-5.435090e-02
2.390000e+02	-3.849144e-02	-4.241076e-01	-1.857747e-01	-1.313788e-01	-5.439589e-02
2.400000e+02	-3.846619e-02	-4.235949e-01	-1.858096e-01	-1.313710e-01	-5.443858e-02
2.410000e+02	-3.844145e-02	-4.230853e-01	-1.858423e-01	-1.313626e-01	-5.447972e-02
2.420000e+02	-3.841790e-02	-4.225778e-01	-1.858736e-01	-1.313547e-01	-5.451890e-02
2.430000e+02	-3.839502e-02	-4.220737e-01	-1.859012e-01	-1.313456e-01	-5.455556e-02
2.440000e+02	-3.837332e-02	-4.215698e-01	-1.859280e-01	-1.313373e-01	-5.459066e-02
2.450000e+02	-3.835211e-02	-4.210702e-01	-1.859514e-01	-1.313278e-01	-5.462361e-02
2.460000e+02	-3.833191e-02	-4.205712e-01	-1.859744e-01	-1.313191e-01	-5.465531e-02
2.470000e+02	-3.831207e-02	-4.200758e-01	-1.859946e-01	-1.313094e-01	-5.468524e-02
2.480000e+02	-3.829354e-02	-4.195816e-01	-1.860137e-01	-1.313004e-01	-5.471329e-02
2.490000e+02	-3.827528e-02	-4.190906e-01	-1.860298e-01	-1.312902e-01	-5.473964e-02
2.500000e+02	-3.825812e-02	-4.186007e-01	-1.860457e-01	-1.312810e-01	-5.476474e-02
2.510000e+02	-3.824112e-02	-4.181141e-01	-1.860589e-01	-1.312706e-01	-5.478835e-02
2.520000e+02	-3.822520e-02	-4.176288e-01	-1.860718e-01	-1.312611e-01	-5.481070e-02
2.530000e+02	-3.820945e-02	-4.171464e-01	-1.860821e-01	-1.312505e-01	-5.483159e-02
2.540000e+02	-3.819473e-02	-4.166653e-01	-1.860922e-01	-1.312408e-01	-5.485139e-02
2.550000e+02	-3.818002e-02	-4.161867e-01	-1.861000e-01	-1.312300e-01	-5.487000e-02
2.560000e+02	-3.816627e-02	-4.157088e-01	-1.861080e-01	-1.312203e-01	-5.488770e-02
2.570000e+02	-3.815283e-02	-4.152390e-01	-1.861135e-01	-1.312096e-01	-5.490392e-02
2.580000e+02	-3.814049e-02	-4.147715e-01	-1.861196e-01	-1.312003e-01	-5.491931e-02
2.590000e+02	-3.812770e-02	-4.143031e-01	-1.861232e-01	-1.311893e-01	-5.493392e-02
2.600000e+02	-3.811583e-02	-4.138356e-01	-1.861279e-01	-1.311798e-01	-5.494813e-02
2.610000e+02	-3.810353e-02	-4.133694e-01	-1.861304e-01	-1.311687e-01	-5.496168e-02
2.620000e+02	-3.809230e-02	-4.129064e-01	-1.861338e-01	-1.311592e-01	-5.497460e-02
2.630000e+02	-3.808076e-02	-4.124464e-01	-1.861349e-01	-1.311482e-01	-5.498667e-02
2.640000e+02	-3.807034e-02	-4.119902e-01	-1.861371e-01	-1.311389e-01	-5.499820e-02
2.650000e+02	-3.805943e-02	-4.115354e-01	-1.861372e-01	-1.311280e-01	-5.500915e-02
2.660000e+02	-3.804944e-02	-4.110835e-01	-1.861385e-01	-1.311187e-01	-5.501983e-02
2.670000e+02	-3.803889e-02	-4.106334e-01	-1.861378e-01	-1.311078e-01	-5.503000e-02
2.680000e+02	-3.802929e-02	-4.101808e-01	-1.861397e-01	-1.310992e-01	-5.504058e-02
2.690000e+02	-3.801937e-02	-4.097269e-01	-1.861406e-01	-1.310897e-01	-5.505093e-02
2.700000e+02	-3.801036e-02	-4.092837e-01	-1.861421e-01	-1.310814e-01	-5.506071e-02
2.710000e+02	-3.800049e-02	-4.088464e-01	-1.861402e-01	-1.310706e-01	-5.506964e-02
2.720000e+02	-3.799152e-02	-4.084137e-01	-1.861398e-01	-1.310614e-01	-5.507836e-02
2.730000e+02	-3.798174e-02	-4.079783e-01	-1.861381e-01	-1.310508e-01	-5.508732e-02
2.740000e+02	-3.797305e-02	-4.075450e-01	-1.861398e-01	-1.310429e-01	-5.509682e-02
2.750000e+02	-3.796345e-02	-4.071112e-01	-1.861397e-01	-1.310333e-01	-5.510642e-02
2.760000e+02	-3.795506e-02	-4.066837e-01	-1.861415e-01	-1.310258e-01	-5.511569e-02
2.770000e+02	-3.794573e-02	-4.062571e-01	-1.861407e-01	-1.310161e-01	-5.512460e-02
2.780000e+02	-3.793754e-02	-4.058368e-01	-1.861422e-01	-1.310086e-01	-5.513356e-02
2.790000e+02	-3.792817e-02	-4.054165e-01	-1.861419e-01	-1.309991e-01	-5.514279e-02
2.800000e+02	-3.791989e-02	-4.050020e-01	-1.861446e-01	-1.309922e-01	-5.515242e-02
2.810000e+02	-3.791001e-02	-4.045635e-01	-1.861466e-01	-1.309833e-01	-5.516327e-02
2.820000e+02	-3.790140e-02	-4.041312e-01	-1.861513e-01	-1.309771e-01	-5.517426e-02
2.830000e+02	-3.789196e-02	-4.037115e-01	-1.861531e-01	-1.309685e-01	-5.518459e-02
2.840000e+02	-3.788388e-02	-4.033083e-01	-1.861568e-01	-1.309623e-01	-5.519454e-02
2.850000e+02	-3.787449e-02	-4.029035e-01	-1.861582e-01	-1.309536e-01	-5.520461e-02
2.860000e+02	-3.786600e-02	-4.024983e-01	-1.861626e-01	-1.309473e-01	-5.521532e-02
2.870000e+02	-3.785629e-02	-4.020855e-01	-1.861657e-01	-1.309391e-01	-5.522655e-02
2.880000e+02	-3.784760e-02	-4.016779e-01	-1.861711e-01	-1.309331e-01	-5.523795e-02
2.890000e+02	-3.783822e-02	-4.012717e-01	-1.861751e-01	-1.309258e-01	-5.524931e-02
2.900000e+02	-3.782965e-02	-4.008749e-01	-1.861809e-01	-1.309201e-01	-5.526082e-02
2.910000e+02	-3.782032e-02	-4.004775e-01	-1.861857e-01	-1.309132e-01	-5.527253e-02
2.920000e+02	-3.781143e-02	-4.000840e-01	-1.861922e-01	-1.309075e-01	-5.528467e-02
2.930000e+02	-3.780190e-02	-3.996867e-01	-1.861979e-01	-1.309008e-01	-5.529704e-02
2.940000e+02	-3.779287e-02	-3.992945e-01	-1.862050e-01	-1.308954e-01	-5.530965e-02
2.950000e+02	-3.778337e-02	-3.989015e-01	-1.862115e-01	-1.308891e-01	-5.532236e-02
2.960000e+02	-3.777435e-02	-3.985160e-01	-1.862192e-01	-1.308840e-01	-5.533526e-02
2.970000e+02	-3.776488e-02	-3.981292e-01	-1.862265e-01	-1.308781e-01	-5.534835e-02
2.980000e+02	-3.775557e-02	-3.977478e-01	-1.862347e-01	-1.308729e-01	-5.536177e-02
2.990000e+02	-3.774618e-02	-3.973634e-01	-1.862431e-01	-1.308677e-01	-5.537537e-02
3.000000e+02	-3.773671e-02	-3.969845e-01	-1.862518e-01	-1.308626e-01	-5.538919e-02
3.010000e+02	-3.772743e-02	-3.966039e-01	-1.862611e-01	-1.308580e-01	-5.540310e-02
3.020000e+02	-3.771773e-02	-3.962298e-01	-1.862699e-01	-1.308527e-01	-5.541724e-02
3.030000e+02	-3.770855e-02	-3.958543e-01	-1.862801e-01	-1.308486e-01	-5.543151e-02
3.040000e+02	-3.769864e-02	-3.954844e-01	-1.862893e-01	-1.308433e-01	-5.544603e-02
3.050000e+02	-3.768962e-02	-3.951123e-01	-1.863005e-01	-1.308399e-01	-5.546065e-02
3.060000e+02	-3.767951e-02	-3.947453e-01	-1.863100e-01	-1.308345e-01	-5.547547e-02
3.070000e+02	-3.767059e-02	-3.943767e-01	-1.863219e-01	-1.308315e-01	-5.549035e-02
3.080000e+02	-3.766041e-02	-3.940138e-01	-1.863317e-01	-1.308263e-01	-5.550544e-02
3.090000e+02	-3.765151e-02	-3.936494e-01	-1.863442e-01	-1.308236e-01	-5.552057e-02
3.100000e+02	-3.764122e-02	-3.932906e-01	-1.863542e-01	-1.308183e-01	-5.553589e-02
3.110000e+02	-3.763237e-02	-3.929296e-01	-1.863672e-01	-1.308160e-01	-5.555125e-02
3.120000e+02	-3.762207e-02	-3.925740e-01	-1.863777e-01	-1.308109e-01	-5.556679e-02
3.130000e+02	-3.761320e-02	-3.922165e-01	-1.863911e-01	-1.308087e-01	-5.558234e-02
3.140000e+02	-3.760288e-02	-3.918645e-01	-1.864018e-01	-1.308038e-01	-5.559804e-02
3.150000e+02	-3.759421e-02	-3.915108e-01	-1.864159e-01	-1.308021e-01	-5.561372e-02
3.160000e+02	-3.758380e-02	-3.911624e-01	-1.864267e-01	-1.307972e-01	-5.562956e-02
3.170000e+02	-3.757518e-02	-3.908122e-01	-1.864411e-01	-1.307958e-01	-5.564539e-02
3.180000e+02	-3.756461e-02	-3.904670e-01	-1.864519e-01	-1.307906e-01	-5.566135e-02
3.190000e+02	-3.755617e-02	-3.901202e-01	-1.864669e-01	-1.307896e-01	-5.567727e-02
3.200000e+02	-3.754559e-02	-3.897782e-01	-1.864778e-01	-1.307845e-01	-5.569332e-02
3.210000e+02	-3.753733e-02	-3.894351e-01	-1.864932e-01	-1.307839e-01	-5.570927e-02
3.220000e+02	-3.752671e-02	-3.890963e-01	-1.865042e-01	-1.307788e-01	-5.572540e-02
3.230000e+02	-3.751851e-02	-3.887566e-01	-1.865199e-01	-1.307784e-01	-5.574142e-02
3.240000e+02	-3.750801e-02	-3.884208e-01	-1.865312e-01	-1.307736e-01	-5.575759e-02
3.250000e+02	-3.749979e-02	-3.880845e-01	-1.865469e-01	-1.307732e-01	-5.577366e-02
3.260000e+02	-3.748928e-02	-3.877518e-01	-1.865582e-01	-1.307684e-01	-5.578981e-02
3.270000e+02	-3.748113e-02	-3.874187e-01	-1.865740e-01	-1.307681e-01	-5.580587e-02
3.280000e+02	-3.747066e-02	-3.870892e-01	-1.865854e-01	-1.307634e-01	-5.582204e-02
3.290000e+02	-3.746268e-02	-3.867594e-01	-1.866016e-01	-1.307635e-01	-5.583811e-02
3.300000e+02	-3.745234e-02	-3.864328e-01	-1.866133e-01	-1.307590e-01	-5.585429e-02
3.310000e+02	-3.744441e-02	-3.861062e-01	-1.866295e-01	-1.307591e-01	-5.587032e-02
3.320000e+02	-3.743399e-02	-3.857824e-01	-1.866409e-01	-1.307544e-01	-5.588645e-02
3.330000e+02	-3.742616e-02	-3.854590e-01	-1.866572e-01	-1.307548e-01	-5.590245e-02
3.340000e+02	-3.741579e-02	-3.851381e-01	-1.866687e-01	-1.307501e-01	-5.591855e-02
3.350000e+02	-3.740815e-02	-3.848177e-01	-1.866853e-01	-1.307508e-01	-5.593452e-02
3.360000e+02	-3.739789e-02	-3.844998e-01	-1.866969e-01	-1.307463e-01	-5.595057e-02
3.370000e+02	-3.739015e-02	-3.841824e-01	-1.867133e-01	-1.307468e-01	-5.596650e-02
3.380000e+02	-3.738006e-02	-3.838673e-01	-1.867252e-01	-1.307426e-01	-5.598252e-02
3.390000e+02	-3.737230e-02	-3.835529e-01	-1.867414e-01	-1.307430e-01	-5.599837e-02
3.400000e+02	-3.736251e-02	-3.832405e-01	-1.867537e-01	-1.307393e-01	-5.601432e-02
3.410000e+02	-3.735477e-02	-3.829290e-01	-1.867698e-01	-1.307397e-01	-5.603013e-02
3.420000e+02	-3.734492e-02	-3.826195e-01	-1.867819e-01	-1.307359e-01	-5.604602e-02
3.430000e+02	-3.733727e-02	-3.823108e-01	-1.867981e-01	-1.307363e-01	-5.606177e-02
3.440000e+02	-3.732754e-02	-3.820039e-01	-1.868103e-01	-1.307327e-01	-5.607760e-02
3.450000e+02	-3.731997e-02	-3.816981e-01	-1.868265e-01	-1.307332e-01	-5.609329e-02
3.460000e+02	-3.731041e-02	-3.813939e-01	-1.868389e-01	-1.307299e-01	-5.610904e-02
3.470000e+02	-3.730273e-02	-3.810908e-01	-1.868548e-01	-1.307301e-01	-5.612467e-02
3.480000e+02	-3.729328e-02	-3.807893e-01	-1.868673e-01	-1.307269e-01	-5.614037e-02
3.490000e+02	-3.728563e-02	-3.804887e-01	-1.868832e-01	-1.307272e-01	-5.615595e-02
3.500000e+02	-3.727642e-02	-3.801902e-01	-1.868959e-01	-1.307244e-01	-5.617153e-02
3.510000e+02	-3.726875e-02	-3.798920e-01	-1.869116e-01	-1.307246e-01	-5.618705e-02
3.520000e+02	-3.725973e-02	-3.795963e-01	-1.869247e-01	-1.307221e-01	-5.620261e-02
3.530000e+02	-3.725194e-02	-3.793005e-01	-1.869400e-01	-1.307219e-01	-5.621806e-02
3.540000e+02	-3.724311e-02	-3.790075e-01	-1.869533e-01	-1.307198e-01	-5.623355e-02
3.550000e+02	-3.723519e-02	-3.787142e-01	-1.869683e-01	-1.307193e-01	-5.624894e-02
3.560000e+02	-3.722666e-02	-3.784238e-01	-1.869821e-01	-1.307177e-01	-5.626438e-02
3.570000e+02	-3.721877e-02	-3.781330e-01	-1.869970e-01	-1.307173e-01	-5.627972e-02
3.580000e+02	-3.721043e-02	-3.778451e-01	-1.870111e-01	-1.307160e-01	-5.629511e-02
3.590000e+02	-3.720242e-02	-3.775569e-01	-1.870255e-01	-1.307152e-01	-5.631035e-02
3.600000e+02	-3.719414e-02	-3.772712e-01	-1.870396e-01	-1.307140e-01	-5.632568e-02
3.610000e+02	-3.718602e-02	-3.769856e-01	-1.870539e-01	-1.307130e-01	-5.634093e-02
3.620000e+02	-3.717800e-02	-3.767024e-01	-1.870684e-01	-1.307122e-01	-5.635619e-02
3.630000e+02	-3.716992e-02	-3.764192e-01	-1.870825e-01	-1.307112e-01	-5.637136e-02
3.640000e+02	-3.716216e-02	-3.761385e-01	-1.870975e-01	-1.307109e-01	-5.638658e-02
3.650000e+02	-3.715387e-02	-3.758575e-01	-1.871112e-01	-1.307095e-01	-5.640172e-02
3.660000e+02	-3.714624e-02	-3.755793e-01	-1.871263e-01	-1.307094e-01	-5.641690e-02
3.670000e+02	-3.713785e-02	-3.753006e-01	-1.871396e-01	-1.307077e-01	-5.643197e-02
3.680000e+02	-3.713050e-02	-3.750248e-01	-1.871552e-01	-1.307081e-01	-5.644708e-02
3.690000e+02	-3.712206e-02	-3.747484e-01	-1.871684e-01	-1.307062e-01	-5.646212e-02
3.700000e+02	-3.711491e-02	-3.744749e-01	-1.871842e-01	-1.307070e-01	-5.647722e-02
3.710000e+02	-3.710639e-02	-3.742007e-01	-1.871972e-01	-1.307050e-01	-5.649220e-02
3.720000e+02	-3.709923e-02	-3.739295e-01	-1.872130e-01	-1.307057e-01	-5.650725e-02
3.730000e+02	-3.709081e-02	-3.736577e-01	-1.872260e-01	-1.307038e-01	-5.652218e-02
3.740000e+02	-3.708376e-02	-3.733888e-01	-1.872419e-01	-1.307047e-01	-5.653720e-02
3.750000e+02	-3.707538e-02	-3.731190e-01	-1.872550e-01	-1.307029e-01	-5.655210e-02
3.760000e+02	-3.706850e-02	-3.728525e-01	-1.872711e-01	-1.307041e-01	-5.656707e-02
3.770000e+02	-3.706003e-02	-3.725847e-01	-1.872840e-01	-1.307020e-01	-5.658194e-02
3.780000e+02	-3.705314e-02	-3.723206e-01	-1.873001e-01	-1.307032e-01	-5.659689e-02
3.790000e+02	-3.704472e-02	-3.720549e-01	-1.873128e-01	-1.307011e-01	-5.661171e-02
3.800000e+02	-3.703790e-02	-3.717930e-01	-1.873290e-01	-1.307024e-01	-5.662661e-02
3.810000e+02	-3.702967e-02	-3.715294e-01	-1.873422e-01	-1.307007e-01	-5.664141e-02
3.820000e+02	-3.702272e-02	-3.712695e-01	-1.873579e-01	-1.307017e-01	-5.665625e-02
3.830000e+02	-3.701469e-02	-3.710082e-01	-1.873714e-01	-1.307004e-01	-5.667103e-02
3.840000e+02	-3.700760e-02	-3.707503e-01	-1.873870e-01	-1.307011e-01	-5.668588e-02
3.850000e+02	-3.699977e-02	-3.704911e-01	-1.874007e-01	-1.307001e-01	-5.670059e-02
3.860000e+02	-3.699258e-02	-3.702352e-01	-1.874159e-01	-1.307005e-01	-5.671538e-02
3.870000e+02	-3.698495e-02	-3.699782e-01	-1.874300e-01	-1.306999e-01	-5.673005e-02
3.880000e+02	-3.697764e-02	-3.697242e-01	-1.874450e-01	-1.307001e-01	-5.674483e-02
3.890000e+02	-3.697018e-02	-3.694694e-01	-1.874593e-01	-1.306998e-01	-5.675949e-02
3.900000e+02	-3.696287e-02	-3.692172e-01	-1.874743e-01	-1.307000e-01	-5.677426e-02
3.910000e+02	-3.695551e-02	-3.689646e-01	-1.874887e-01	-1.306999e-01	-5.678885e-02
3.920000e+02	-3.694828e-02	-3.687142e-01	-1.875037e-01	-1.307001e-01	-5.680355e-02
3.930000e+02	-3.694092e-02	-3.684637e-01	-1.875181e-01	-1.307000e-01	-5.681812e-02
3.940000e+02	-3.693348e-02	-3.682152e-01	-1.875326e-01	-1.306998e-01	-5.683283e-02
3.950000e+02	-3.692625e-02	-3.679668e-01	-1.875473e-01	-1.306999e-01	-5.684740e-02
3.960000e+02	-3.691887e-02	-3.677202e-01	-1.875619e-01	-1.306998e-01	-5.686205e-02
3.970000e+02	-3.691195e-02	-3.674737e-01	-1.875770e-01	-1.307004e-01	-5.687655e-02
3.980000e+02	-3.690444e-02	-3.672289e-01	-1.875912e-01	-1.307001e-01	-5.689118e-02
3.990000e+02	-3.689761e-02	-3.669845e-01	-1.876066e-01	-1.307009e-01	-5.690568e-02
4.000000e+02	-3.688981e-02	-3.667414e-01	-1.876202e-01	-1.306999e-01	-5.692028e-02
4.010000e+02	-3.688327e-02	-3.664989e-01	-1.876360e-01	-1.307013e-01	-5.693474e-02
4.020000e+02	-3.687544e-02	-3.662577e-01	-1.876495e-01	-1.307002e-01	-5.694929e-02
4.030000e+02	-3.686909e-02	-3.660171e-01	-1.876656e-01	-1.307019e-01	-5.696371e-02
4.040000e+02	-3.686118e-02	-3.657776e-01	-1.876789e-01	-1.307006e-01	-5.697827e-02
4.050000e+02	-3.685483e-02	-3.655389e-01	-1.876950e-01	-1.307023e-01	-5.699266e-02
4.060000e+02	-3.684695e-02	-3.653012e-01	-1.877083e-01	-1.307011e-01	-5.700721e-02
4.070000e+02	-3.684071e-02	-3.650644e-01	-1.877245e-01	-1.307030e-01	-5.702153e-02
4.080000e+02	-3.683289e-02	-3.648284e-01	-1.877378e-01	-1.307018e-01	-5.703599e-02
4.090000e+02	-3.682673e-02	-3.645933e-01	-1.877542e-01	-1.307038e-01	-5.705036e-02
4.100000e+02	-3.681870e-02	-3.643591e-01	-1.877670e-01	-1.307022e-01	-5.706481e-02
4.110000e+02	-3.681270e-02	-3.641259e-01	-1.877837e-01	-1.307045e-01	-5.707913e-02
4.120000e+02	-3.680478e-02	-3.638934e-01	-1.877966e-01	-1.307031e-01	-5.709354e-02
4.130000e+02	-3.679877e-02	-3.636619e-01	-1.878132e-01	-1.307054e-01	-5.710784e-02
4.140000e+02	-3.679089e-02	-3.634312e-01	-1.878262e-01	-1.307040e-01	-5.712222e-02
4.150000e+02	-3.678476e-02	-3.632012e-01	-1.878425e-01	-1.307060e-01	-5.713650e-02
4.160000e+02	-3.677703e-02	-3.629724e-01	-1.878557e-01	-1.307049e-01	-5.715083e-02
4.170000e+02	-3.677092e-02	-3.627439e-01	-1.878720e-01	-1.307069e-01	-5.716507e-02
4.180000e+02	-3.676336e-02	-3.625171e-01	-1.878855e-01	-1.307061e-01	-5.717940e-02
4.190000e+02	-3.675715e-02	-3.622900e-01	-1.879015e-01	-1.307079e-01	-5.719362e-02
4.200000e+02	-3.674971e-02	-3.620650e-01	-1.879152e-01	-1.307073e-01	-5.720790e-02
4.210000e+02	-3.674326e-02	-3.618395e-01	-1.879307e-01	-1.307086e-01	-5.722210e-02
4.220000e+02	-3.673605e-02	-3.616163e-01	-1.879448e-01	-1.307085e-01	-5.723636e-02
4.230000e+02	-3.672959e-02	-3.613923e-01	-1.879603e-01	-1.307098e-01	-5.725058e-02
4.240000e+02	-3.672264e-02	-3.611707e-01	-1.879748e-01	-1.307100e-01	-5.726476e-02
4.250000e+02	-3.671611e-02	-3.609485e-01	-1.879899e-01	-1.307111e-01	-5.727886e-02
4.260000e+02	-3.670912e-02	-3.607283e-01	-1.880044e-01	-1.307113e-01	-5.729309e-02
4.270000e+02	-3.670233e-02	-3.605077e-01	-1.880192e-01	-1.307119e-01	-5.730727e-02
4.280000e+02	-3.669556e-02	-3.602892e-01	-1.880339e-01	-1.307125e-01	-5.732141e-02
4.290000e+02	-3.668881e-02	-3.600701e-01	-1.880486e-01	-1.307131e-01	-5.733551e-02
4.300000e+02	-3.668234e-02	-3.598533e-01	-1.880639e-01	-1.307143e-01	-5.734961e-02
4.310000e+02	-3.667539e-02	-3.596357e-01	-1.880782e-01	-1.307145e-01	-5.736372e-02
4.320000e+02	-3.666897e-02	-3.594205e-01	-1.880936e-01	-1.307158e-01	-5.737784e-02
4.330000e+02	-3.666181e-02	-3.592043e-01	-1.881074e-01	-1.307155e-01	-5.739190e-02
4.340000e+02	-3.665565e-02	-3.589907e-01	-1.881233e-01	-1.307173e-01	-5.740598e-02
4.350000e+02	-3.664847e-02	-3.587761e-01	-1.881369e-01	-1.307169e-01	-5.742000e-02
4.360000e+02	-3.664249e-02	-3.585641e-01	-1.881531e-01	-1.307190e-01	-5.743406e-02
4.370000e+02	-3.663519e-02	-3.583509e-01	-1.881665e-01	-1.307184e-01	-5.744807e-02
4.380000e+02	-3.662917e-02	-3.581404e-01	-1.881826e-01	-1.307205e-01	-5.746213e-02
4.390000e+02	-3.662192e-02	-3.579286e-01	-1.881961e-01	-1.307200e-01	-5.747612e-02
4.400000e+02	-3.661604e-02	-3.577197e-01	-1.882122e-01	-1.307222e-01	-5.749007e-02
4.410000e+02	-3.660880e-02	-3.575093e-01	-1.882257e-01	-1.307216e-01	-5.750404e-02
4.420000e+02	-3.660296e-02	-3.573020e-01	-1.882421e-01	-1.307240e-01	-5.751811e-02
4.430000e+02	-3.659565e-02	-3.570929e-01	-1.882553e-01	-1.307233e-01	-5.753201e-02
4.440000e+02	-3.658982e-02	-3.568872e-01	-1.882716e-01	-1.307256e-01	-5.754598e-02
4.450000e+02	-3.658252e-02	-3.566795e-01	-1.882848e-01	-1.307249e-01	-5.755990e-02
4.460000e+02	-3.657674e-02	-3.564752e-01	-1.883011e-01	-1.307273e-01	-5.757380e-02
4.470000e+02	-3.656965e-02	-3.562690e-01	-1.883147e-01	-1.307270e-01	-5.758771e-02
4.480000e+02	-3.656364e-02	-3.560661e-01	-1.883307e-01	-1.307290e-01	-5.760169e-02
4.490000e+02	-3.655668e-02	-3.558613e-01	-1.883445e-01	-1.307289e-01	-5.761555e-02
4.500000e+02	-3.655060e-02	-3.556597e-01	-1.883601e-01	-1.307307e-01	-5.762946e-02
4.510000e+02	-3.654382e-02	-3.554565e-01	-1.883742e-01	-1.307309e-01	-5.764326e-02
4.520000e+02	-3.653762e-02	-3.552561e-01	-1.883896e-01	-1.307324e-01	-5.765717e-02
4.530000e+02	-3.653097e-02	-3.550545e-01	-1.884039e-01	-1.307329e-01	-5.767098e-02
4.540000e+02	-3.652466e-02	-3.548553e-01	-1.884191e-01	-1.307342e-01	-5.768490e-02
4.550000e+02	-3.651816e-02	-3.546553e-01	-1.884336e-01	-1.307350e-01	-5.769865e-02
4.560000e+02	-3.651193e-02	-3.544572e-01	-1.884489e-01	-1.307364e-01	-5.771253e-02
4.570000e+02	-3.650543e-02	-3.542587e-01	-1.884634e-01	-1.307371e-01	-5.772625e-02
4.580000e+02	-3.649908e-02	-3.540619e-01	-1.884784e-01	-1.307383e-01	-5.774012e-02
4.590000e+02	-3.649262e-02	-3.538647e-01	-1.884930e-01	-1.307391e-01	-5.775388e-02
4.600000e+02	-3.648614e-02	-3.536693e-01	-1.885077e-01	-1.307400e-01	-5.776771e-02
4.610000e+02	-3.647992e-02	-3.534736e-01	-1.885226e-01	-1.307412e-01	-5.778141e-02
4.620000e+02	-3.647347e-02	-3.532794e-01	-1.885374e-01	-1.307422e-01	-5.779526e-02
4.630000e+02	-3.646727e-02	-3.530821e-01	-1.885532e-01	-1.307439e-01	-5.780933e-02
4.640000e+02	-3.646048e-02	-3.528897e-01	-1.885673e-01	-1.307441e-01	-5.782315e-02
4.650000e+02	-3.645468e-02	-3.526989e-01	-1.885825e-01	-1.307459e-01	-5.783658e-02
4.660000e+02	-3.644766e-02	-3.525057e-01	-1.885965e-01	-1.307459e-01	-5.785059e-02
4.670000e+02	-3.644188e-02	-3.523116e-01	-1.886132e-01	-1.307485e-01	-5.786473e-02
4.680000e+02	-3.643493e-02	-3.521229e-01	-1.886265e-01	-1.307482e-01	-5.787833e-02
4.690000e+02	-3.642932e-02	-3.519325e-01	-1.886428e-01	-1.307507e-01	-5.789206e-02
4.700000e+02	-3.642216e-02	-3.517420e-01	-1.886563e-01	-1.307503e-01	-5.790601e-02
4.710000e+02	-3.641655e-02	-3.515525e-01	-1.886728e-01	-1.307529e-01	-5.791984e-02
4.720000e+02	-3.640952e-02	-3.513642e-01	-1.886866e-01	-1.307528e-01	-5.793377e-02
4.730000e+02	-3.640406e-02	-3.511769e-01	-1.887030e-01	-1.307555e-01	-5.794742e-02
4.740000e+02	-3.639687e-02	-3.509903e-01	-1.887161e-01	-1.307549e-01	-5.796116e-02
4.750000e+02	-3.639148e-02	-3.508040e-01	-1.887327e-01	-1.307578e-01	-5.797488e-02
4.760000e+02	-3.638426e-02	-3.506182e-01	-1.887459e-01	-1.307572e-01	-5.798870e-02
4.770000e+02	-3.637899e-02	-3.504329e-01	-1.887626e-01	-1.307603e-01	-5.800232e-02
4.780000e+02	-3.637185e-02	-3.502482e-01	-1.887759e-01	-1.307598e-01	-5.801609e-02
4.790000e+02	-3.636644e-02	-3.500643e-01	-1.887922e-01	-1.307626e-01	-5.802969e-02
4.800000e+02	-3.635937e-02	-3.498812e-01	-1.888055e-01	-1.307621e-01	-5.804338e-02
4.810000e+02	-3.635388e-02	-3.496983e-01	-1.888219e-01	-1.307648e-01	-5.805706e-02
4.820000e+02	-3.634704e-02	-3.495166e-01	-1.888354e-01	-1.307647e-01	-5.807066e-02
4.830000e+02	-3.634153e-02	-3.493344e-01	-1.888517e-01	-1.307674e-01	-5.808431e-02
4.840000e+02	-3.633477e-02	-3.491542e-01	-1.888653e-01	-1.307674e-01	-5.809789e-02
4.850000e+02	-3.632905e-02	-3.489731e-01	-1.888810e-01	-1.307696e-01	-5.811147e-02
4.860000e+02	-3.632245e-02	-3.487942e-01	-1.888950e-01	-1.307699e-01	-5.812505e-02
4.870000e+02	-3.631661e-02	-3.486143e-01	-1.889105e-01	-1.307719e-01	-5.813863e-02
4.880000e+02	-3.631028e-02	-3.484365e-01	-1.889249e-01	-1.307727e-01	-5.815215e-02
4.890000e+02	-3.630447e-02	-3.482578e-01	-1.889403e-01	-1.307746e-01	-5.816570e-02
4.900000e+02	-3.629815e-02	-3.480810e-01	-1.889548e-01	-1.307755e-01	-5.817924e-02
4.910000e+02	-3.629208e-02	-3.479035e-01	-1.889696e-01	-1.307769e-01	-5.819275e-02
4.920000e+02	-3.628587e-02	-3.477279e-01	-1.889842e-01	-1.307780e-01	-5.820624e-02
4.930000e+02	-3.627974e-02	-3.475515e-01	-1.889989e-01	-1.307792e-01	-5.821973e-02
4.940000e+02	-3.627385e-02	-3.473771e-01	-1.890140e-01	-1.307809e-01	-5.823317e-02
4.950000e+02	-3.626761e-02	-3.472017e-01	-1.890286e-01	-1.307819e-01	-5.824667e-02
4.960000e+02	-3.626181e-02	-3.470285e-01	-1.890438e-01	-1.307837e-01	-5.826010e-02
4.970000e+02	-3.625530e-02	-3.468542e-01	-1.890577e-01	-1.307842e-01	-5.827355e-02
4.980000e+02	-3.624969e-02	-3.466822e-01	-1.890734e-01	-1.307864e-01	-5.828700e-02
4.990000e+02	-3.624315e-02	-3.465089e-01	-1.890870e-01	-1.307867e-01	-5.830037e-02
5.000000e+02	-3.623777e-02	-3.463381e-01	-1.891030e-01	-1.307893e-01	-5.831372e-02
5.010000e+02	-3.623109e-02	-3.461658e-01	-1.891165e-01	-1.307893e-01	-5.832716e-02
5.020000e+02	-3.622565e-02	-3.459962e-01	-1.891325e-01	-1.307919e-01	-5.834059e-02
5.030000e+02	-3.621904e-02	-3.458249e-01	-1.891458e-01	-1.307919e-01	-5.835387e-02
5.040000e+02	-3.621370e-02	-3.456564e-01	-1.891619e-01	-1.307946e-01	-5.836724e-02
5.050000e+02	-3.620708e-02	-3.454861e-01	-1.891753e-01	-1.307947e-01	-5.838057e-02
5.060000e+02	-3.620183e-02	-3.453188e-01	-1.891914e-01	-1.307975e-01	-5.839388e-02
5.070000e+02	-3.619513e-02	-3.451494e-01	-1.892047e-01	-1.307975e-01	-5.840722e-02
5.080000e+02	-3.618984e-02	-3.449834e-01	-1.892208e-01	-1.308002e-01	-5.842056e-02
5.090000e+02	-3.618316e-02	-3.448150e-01	-1.892339e-01	-1.308001e-01	-5.843380e-02
5.100000e+02	-3.617792e-02	-3.446499e-01	-1.892499e-01	-1.308029e-01	-5.844705e-02
5.110000e+02	-3.617143e-02	-3.444826e-01	-1.892635e-01	-1.308032e-01	-5.846034e-02
5.120000e+02	-3.616599e-02	-3.443186e-01	-1.892793e-01	-1.308056e-01	-5.847366e-02
5.130000e+02	-3.615962e-02	-3.441524e-01	-1.892930e-01	-1.308061e-01	-5.848686e-02
5.140000e+02	-3.615411e-02	-3.439893e-01	-1.893083e-01	-1.308083e-01	-5.850006e-02
5.150000e+02	-3.614787e-02	-3.438243e-01	-1.893223e-01	-1.308090e-01	-5.851328e-02
5.160000e+02	-3.614223e-02	-3.436620e-01	-1.893376e-01	-1.308110e-01	-5.852655e-02
5.170000e+02	-3.613615e-02	-3.434983e-01	-1.893517e-01	-1.308120e-01	-5.853967e-02
5.180000e+02	-3.613042e-02	-3.433367e-01	-1.893667e-01	-1.308138e-01	-5.855292e-02
5.190000e+02	-3.612446e-02	-3.431742e-01	-1.893810e-01	-1.308149e-01	-5.856602e-02
5.200000e+02	-3.611878e-02	-3.430135e-01	-1.893961e-01	-1.308169e-01	-5.857929e-02
5.210000e+02	-3.611285e-02	-3.428522e-01	-1.894103e-01	-1.308180e-01	-5.859228e-02
5.220000e+02	-3.610701e-02	-3.426923e-01	-1.894251e-01	-1.308195e-01	-5.860553e-02
5.230000e+02	-3.610111e-02	-3.425319e-01	-1.894395e-01	-1.308209e-01	-5.861866e-02
5.240000e+02	-3.609521e-02	-3.423732e-01	-1.894540e-01	-1.308222e-01	-5.863179e-02
5.250000e+02	-3.608955e-02	-3.422139e-01	-1.894687e-01	-1.308239e-01	-5.864481e-02
5.260000e+02	-3.608361e-02	-3.420560e-01	-1.894832e-01	-1.308252e-01	-5.865800e-02
5.270000e+02	-3.607812e-02	-3.418978e-01	-1.894983e-01	-1.308273e-01	-5.867102e-02
5.280000e+02	-3.607186e-02	-3.417407e-01	-1.895119e-01	-1.308278e-01	-5.868411e-02
5.290000e+02	-3.606655e-02	-3.415835e-01	-1.895273e-01	-1.308302e-01	-5.869710e-02
5.300000e+02	-3.606016e-02	-3.414273e-01	-1.895408e-01	-1.308306e-01	-5.871025e-02
5.310000e+02	-3.605510e-02	-3.412712e-01	-1.895567e-01	-1.308334e-01	-5.872324e-02
5.320000e+02	-3.604862e-02	-3.411159e-01	-1.895698e-01	-1.308335e-01	-5.873630e-02
5.330000e+02	-3.604357e-02	-3.409608e-01	-1.895856e-01	-1.308364e-01	-5.874923e-02
5.340000e+02	-3.603706e-02	-3.408064e-01	-1.895987e-01	-1.308364e-01	-5.876229e-02
5.350000e+02	-3.603208e-02	-3.406523e-01	-1.896146e-01	-1.308394e-01	-5.877522e-02
5.360000e+02	-3.602566e-02	-3.404987e-01	-1.896279e-01	-1.308396e-01	-5.878826e-02
5.370000e+02	-3.602074e-02	-3.403456e-01	-1.896438e-01	-1.308427e-01	-5.880118e-02
5.380000e+02	-3.601409e-02	-3.401930e-01	-1.896565e-01	-1.308424e-01	-5.881417e-02
5.390000e+02	-3.600928e-02	-3.400408e-01	-1.896727e-01	-1.308456e-01	-5.882707e-02
5.400000e+02	-3.600270e-02	-3.398891e-01	-1.896855e-01	-1.308454e-01	-5.884005e-02
5.410000e+02	-3.599793e-02	-3.397379e-01	-1.897017e-01	-1.308488e-01	-5.885291e-02
5.420000e+02	-3.599139e-02	-3.395871e-01	-1.897145e-01	-1.308486e-01	-5.886586e-02
5.430000e+02	-3.598646e-02	-3.394367e-01	-1.897303e-01	-1.308516e-01	-5.887871e-02
5.440000e+02	-3.598003e-02	-3.392870e-01	-1.897433e-01	-1.308517e-01	-5.889160e-02
5.450000e+02	-3.597508e-02	-3.391372e-01	-1.897591e-01	-1.308546e-01	-5.890447e-02
5.460000e+02	-3.596880e-02	-3.389887e-01	-1.897724e-01	-1.308550e-01	-5.891738e-02
5.470000e+02	-3.596380e-02	-3.388396e-01	-1.897880e-01	-1.308578e-01	-5.893018e-02
5.480000e+02	-3.595761e-02	-3.386922e-01	-1.898013e-01	-1.308582e-01	-5.894302e-02
5.490000e+02	-3.595237e-02	-3.385438e-01	-1.898164e-01	-1.308606e-01	-5.895581e-02
5.500000e+02	-3.594637e-02	-3.383974e-01	-1.898301e-01	-1.308614e-01	-5.896866e-02
5.510000e+02	-3.594109e-02	-3.382499e-01	-1.898450e-01	-1.308636e-01	-5.898144e-02
5.520000e+02	-3.593531e-02	-3.381043e-01	-1.898590e-01	-1.308648e-01	-5.899420e-02
5.530000e+02	-3.592997e-02	-3.379577e-01	-1.898740e-01	-1.308669e-01	-5.900701e-02
5.540000e+02	-3.592416e-02	-3.378130e-01	-1.898880e-01	-1.308682e-01	-5.901984e-02
5.550000e+02	-3.591858e-02	-3.376672e-01	-1.899022e-01	-1.308697e-01	-5.903253e-02
5.560000e+02	-3.591299e-02	-3.375234e-01	-1.899164e-01	-1.308712e-01	-5.904520e-02
5.570000e+02	-3.590737e-02	-3.373785e-01	-1.899307e-01	-1.308727e-01	-5.905795e-02
5.580000e+02	-3.590202e-02	-3.372356e-01	-1.899455e-01	-1.308748e-01	-5.907075e-02
5.590000e+02	-3.589623e-02	-3.370915e-01	-1.899593e-01	-1.308759e-01	-5.908340e-02
5.600000e+02	-3.589097e-02	-3.369495e-01	-1.899741e-01	-1.308780e-01	-5.909607e-02
5.610000e+02	-3.588496e-02	-3.368061e-01	-1.899874e-01	-1.308787e-01	-5.910874e-02
5.620000e+02	-3.587995e-02	-3.366651e-01	-1.900028e-01	-1.308813e-01	-5.912146e-02
5.630000e+02	-3.587388e-02	-3.365225e-01	-1.900159e-01	-1.308818e-01	-5.913406e-02
5.640000e+02	-3.586896e-02	-3.363823e-01	-1.900314e-01	-1.308846e-01	-5.914672e-02
5.650000e+02	-3.586282e-02	-3.362405e-01	-1.900443e-01	-1.308850e-01	-5.915932e-02
5.660000e+02	-3.585791e-02	-3.361013e-01	-1.900598e-01	-1.308878e-01	-5.917198e-02
5.670000e+02	-3.585183e-02	-3.359602e-01	-1.900727e-01	-1.308882e-01	-5.918452e-02
5.680000e+02	-3.584700e-02	-3.358219e-01	-1.900883e-01	-1.308912e-01	-5.919716e-02
5.690000e+02	-3.584089e-02	-3.356815e-01	-1.901012e-01	-1.308915e-01	-5.920970e-02
5.700000e+02	-3.583606e-02	-3.355441e-01	-1.901168e-01	-1.308944e-01	-5.922232e-02
5.710000e+02	-3.582986e-02	-3.354044e-01	-1.901293e-01	-1.308945e-01	-5.923481e-02
5.720000e+02	-3.582507e-02	-3.352680e-01	-1.901449e-01	-1.308975e-01	-5.924739e-02
5.730000e+02	-3.581904e-02	-3.351291e-01	-1.901578e-01	-1.308980e-01	-5.925987e-02
5.740000e+02	-3.581417e-02	-3.349934e-01	-1.901732e-01	-1.309008e-01	-5.927244e-02
5.750000e+02	-3.580824e-02	-3.348554e-01	-1.901863e-01	-1.309014e-01	-5.928489e-02
5.760000e+02	-3.580321e-02	-3.347204e-01	-1.902013e-01	-1.309039e-01	-5.929744e-02
5.770000e+02	-3.579740e-02	-3.345833e-01	-1.902145e-01	-1.309047e-01	-5.930986e-02
5.780000e+02	-3.579232e-02	-3.344489e-01	-1.902294e-01	-1.309070e-01	-5.932236e-02
5.790000e+02	-3.578665e-02	-3.343129e-01	-1.902428e-01	-1.309080e-01	-5.933475e-02
5.800000e+02	-3.578145e-02	-3.341790e-01	-1.902574e-01	-1.309102e-01	-5.934727e-02
5.810000e+02	-3.577590e-02	-3.340441e-01	-1.902710e-01	-1.309114e-01	-5.935962e-02
5.820000e+02	-3.577072e-02	-3.339107e-01	-1.902856e-01	-1.309135e-01	-5.937209e-02
5.830000e+02	-3.576522e-02	-3.337767e-01	-1.902993e-01	-1.309149e-01	-5.938442e-02
5.840000e+02	-3.575994e-02	-3.336441e-01	-1.903137e-01	-1.309168e-01	-5.939689e-02
5.850000e+02	-3.575449e-02	-3.335108e-01	-1.903274e-01	-1.309182e-01	-5.940919e-02
5.860000e+02	-3.574909e-02	-3.333790e-01	-1.903413e-01	-1.309197e-01	-5.942158e-02
5.870000e+02	-3.574383e-02	-3.332465e-01	-1.903555e-01	-1.309216e-01	-5.943390e-02
5.880000e+02	-3.573839e-02	-3.331154e-01	-1.903694e-01	-1.309231e-01	-5.944631e-02
5.890000e+02	-3.573383e-02	-3.329857e-01	-1.903823e-01	-1.309250e-01	-5.945730e-02
5.900000e+02	-3.572807e-02	-3.328554e-01	-1.903957e-01	-1.309259e-01	-5.946975e-02
5.910000e+02	-3.572327e-02	-3.327254e-01	-1.904102e-01	-1.309284e-01	-5.948184e-02
5.920000e+02	-3.571709e-02	-3.325948e-01	-1.904239e-01	-1.309290e-01	-5.949486e-02
5.930000e+02	-3.571260e-02	-3.324654e-01	-1.904388e-01	-1.309320e-01	-5.950679e-02
5.940000e+02	-3.570691e-02	-3.323376e-01	-1.904503e-01	-1.309321e-01	-5.951824e-02
5.950000e+02	-3.570263e-02	-3.322099e-01	-1.904649e-01	-1.309351e-01	-5.952984e-02
5.960000e+02	-3.569651e-02	-3.320821e-01	-1.904772e-01	-1.309351e-01	-5.954207e-02
5.970000e+02	-3.569195e-02	-3.319544e-01	-1.904931e-01	-1.309385e-01	-5.955459e-02
5.980000e+02	-3.568579e-02	-3.318265e-01	-1.905056e-01	-1.309386e-01	-5.956703e-02
5.990000e+02	-3.568154e-02	-3.316997e-01	-1.905211e-01	-1.309421e-01	-5.957900e-02
6.000000e+02	-3.567533e-02	-3.315726e-01	-1.905327e-01	-1.309417e-01	-5.959103e-02
6.010000e+02	-3.567121e-02	-3.314468e-01	-1.905484e-01	-1.309454e-01	-5.960300e-02
6.020000e+02	-3.566481e-02	-3.313204e-01	-1.905600e-01	-1.309448e-01	-5.961517e-02
6.030000e+02	-3.566084e-02	-3.311955e-01	-1.905761e-01	-1.309489e-01	-5.962721e-02
6.040000e+02	-3.565439e-02	-3.310695e-01	-1.905877e-01	-1.309482e-01	-5.963945e-02
6.050000e+02	-3.565034e-02	-3.309452e-01	-1.906038e-01	-1.309522e-01	-5.965154e-02
6.060000e+02	-3.564394e-02	-3.308198e-01	-1.906150e-01	-1.309514e-01	-5.966356e-02
6.070000e+02	-3.563992e-02	-3.306959e-01	-1.906310e-01	-1.309554e-01	-5.967558e-02
6.080000e+02	-3.563361e-02	-3.305714e-01	-1.906425e-01	-1.309549e-01	-5.968764e-02
6.090000e+02	-3.562964e-02	-3.304485e-01	-1.906586e-01	-1.309589e-01	-5.969966e-02
6.100000e+02	-3.562335e-02	-3.303249e-01	-1.906700e-01	-1.309583e-01	-5.971165e-02
6.110000e+02	-3.561918e-02	-3.302024e-01	-1.906857e-01	-1.309620e-01	-5.972366e-02
6.120000e+02	-3.561306e-02	-3.300792e-01	-1.906974e-01	-1.309617e-01	-5.973564e-02
6.130000e+02	-3.560875e-02	-3.299574e-01	-1.907128e-01	-1.309652e-01	-5.974765e-02
6.140000e+02	-3.560286e-02	-3.298348e-01	-1.907249e-01	-1.309653e-01	-5.975960e-02
6.150000e+02	-3.559857e-02	-3.297140e-01	-1.907403e-01	-1.309687e-01	-5.977157e-02
6.160000e+02	-3.559279e-02	-3.295920e-01	-1.907525e-01	-1.309690e-01	-5.978346e-02
6.170000e+02	-3.558817e-02	-3.294719e-01	-1.907671e-01	-1.309717e-01	-5.979540e-02
6.180000e+02	-3.558253e-02	-3.293504e-01	-1.907796e-01	-1.309723e-01	-5.980727e-02
6.190000e+02	-3.557777e-02	-3.292309e-01	-1.907939e-01	-1.309747e-01	-5.981921e-02
6.200000e+02	-3.557250e-02	-3.291101e-01	-1.908071e-01	-1.309761e-01	-5.983107e-02
6.210000e+02	-3.556755e-02	-3.289913e-01	-1.908210e-01	-1.309781e-01	-5.984295e-02
6.220000e+02	-3.556247e-02	-3.288714e-01	-1.908345e-01	-1.309797e-01	-5.985477e-02
6.230000e+02	-3.555719e-02	-3.287530e-01	-1.908477e-01	-1.309810e-01	-5.986664e-02
6.240000e+02	-3.555239e-02	-3.286337e-01	-1.908616e-01	-1.309832e-01	-5.987843e-02
6.250000e+02	-3.554696e-02	-3.285159e-01	-1.908745e-01	-1.309842e-01	-5.989028e-02
6.260000e+02	-3.554237e-02	-3.283974e-01	-1.908888e-01	-1.309868e-01	-5.990202e-02
6.270000e+02	-3.553682e-02	-3.282802e-01	-1.909013e-01	-1.309875e-01	-5.991381e-02
6.280000e+02	-3.553228e-02	-3.281626e-01	-1.909156e-01	-1.309901e-01	-5.992553e-02
6.290000e+02	-3.552671e-02	-3.280459e-01	-1.909281e-01	-1.309908e-01	-5.993734e-02
6.300000e+02	-3.552233e-02	-3.279291e-01	-1.909426e-01	-1.309937e-01	-5.994900e-02
6.310000e+02	-3.551672e-02	-3.278128e-01	-1.909549e-01	-1.309942e-01	-5.996074e-02
6.320000e+02	-3.551238e-02	-3.276967e-01	-1.909695e-01	-1.309971e-01	-5.997236e-02
6.330000e+02	-3.550657e-02	-3.275810e-01	-1.909813e-01	-1.309972e-01	-5.998408e-02
6.340000e+02	-3.550232e-02	-3.274656e-01	-1.909961e-01	-1.310004e-01	-5.999573e-02
6.350000e+02	-3.549662e-02	-3.273506e-01	-1.910081e-01	-1.310007e-01	-6.000743e-02
6.360000e+02	-3.549242e-02	-3.272359e-01	-1.910228e-01	-1.310038e-01	-6.001899e-02
6.370000e+02	-3.548678e-02	-3.271215e-01	-1.910348e-01	-1.310042e-01	-6.003064e-02
6.380000e+02	-3.548246e-02	-3.270072e-01	-1.910493e-01	-1.310071e-01	-6.004219e-02
6.390000e+02	-3.547683e-02	-3.268935e-01	-1.910613e-01	-1.310075e-01	-6.005381e-02
6.400000e+02	-3.547252e-02	-3.267799e-01	-1.910757e-01	-1.310104e-01	-6.006535e-02
6.410000e+02	-3.546696e-02	-3.266670e-01	-1.910878e-01	-1.310109e-01	-6.007694e-02
6.420000e+02	-3.546268e-02	-3.265539e-01	-1.911022e-01	-1.310138e-01	-6.008843e-02
6.430000e+02	-3.545715e-02	-3.264417e-01	-1.911142e-01	-1.310142e-01	-6.009994e-02
6.440000e+02	-3.545296e-02	-3.263291e-01	-1.911288e-01	-1.310173e-01	-6.011142e-02
6.450000e+02	-3.544736e-02	-3.262175e-01	-1.911406e-01	-1.310176e-01	-6.012292e-02
6.460000e+02	-3.544316e-02	-3.261058e-01	-1.911550e-01	-1.310207e-01	-6.013436e-02
6.470000e+02	-3.543756e-02	-3.259946e-01	-1.911667e-01	-1.310209e-01	-6.014581e-02
6.480000e+02	-3.543335e-02	-3.258836e-01	-1.911811e-01	-1.310239e-01	-6.015722e-02
6.490000e+02	-3.542785e-02	-3.257728e-01	-1.911930e-01	-1.310244e-01	-6.016866e-02
6.500000e+02	-3.542363e-02	-3.256625e-01	-1.912074e-01	-1.310273e-01	-6.018005e-02
6.510000e+02	-3.541823e-02	-3.255523e-01	-1.912193e-01	-1.310279e-01	-6.019143e-02
6.520000e+02	-3.541380e-02	-3.254428e-01	-1.912332e-01	-1.310304e-01	-6.020282e-02
6.530000e+02	-3.540865e-02	-3.253330e-01	-1.912456e-01	-1.310314e-01	-6.021414e-02
6.540000e+02	-3.540402e-02	-3.252242e-01	-1.912590e-01	-1.310335e-01	-6.022547e-02
6.550000e+02	-3.539911e-02	-3.251149e-01	-1.912717e-01	-1.310350e-01	-6.023675e-02
6.560000e+02	-3.539430e-02	-3.250066e-01	-1.912848e-01	-1.310367e-01	-6.024811e-02
6.570000e+02	-3.538954e-02	-3.248980e-01	-1.912978e-01	-1.310384e-01	-6.025937e-02
6.580000e+02	-3.538461e-02	-3.247903e-01	-1.913106e-01	-1.310399e-01	-6.027067e-02
6.590000e+02	-3.537998e-02	-3.246826e-01	-1.913237e-01	-1.310418e-01	-6.028186e-02
6.600000e+02	-3.537507e-02	-3.245753e-01	-1.913364e-01	-1.310433e-01	-6.029312e-02
6.610000e+02	-3.537058e-02	-3.244681e-01	-1.913497e-01	-1.310454e-01	-6.030427e-02
6.620000e+02	-3.536547e-02	-3.243614e-01	-1.913620e-01	-1.310465e-01	-6.031552e-02
6.630000e+02	-3.536108e-02	-3.242546e-01	-1.913755e-01	-1.310488e-01	-6.032665e-02
6.640000e+02	-3.535582e-02	-3.241486e-01	-1.913874e-01	-1.310495e-01	-6.033790e-02
6.650000e+02	-3.535161e-02	-3.240426e-01	-1.914012e-01	-1.310522e-01	-6.034900e-02
6.660000e+02	-3.534644e-02	-3.239371e-01	-1.914132e-01	-1.310530e-01	-6.036015e-02
6.670000e+02	-3.534218e-02	-3.238315e-01	-1.914268e-01	-1.310556e-01	-6.037120e-02
6.680000e+02	-3.533697e-02	-3.237267e-01	-1.914386e-01	-1.310563e-01	-6.038231e-02
6.690000e+02	-3.533270e-02	-3.236215e-01	-1.914521e-01	-1.310588e-01	-6.039336e-02
6.700000e+02	-3.532758e-02	-3.235176e-01	-1.914641e-01	-1.310596e-01	-6.040447e-02
6.710000e+02	-3.532337e-02	-3.234127e-01	-1.914777e-01	-1.310622e-01	-6.041550e-02
6.720000e+02	-3.531825e-02	-3.233096e-01	-1.914896e-01	-1.310630e-01	-6.042654e-02
6.730000e+02	-3.531398e-02	-3.232051e-01	-1.915029e-01	-1.310654e-01	-6.043747e-02
6.740000e+02	-3.530894e-02	-3.231026e-01	-1.915148e-01	-1.310663e-01	-6.044844e-02
6.750000e+02	-3.530460e-02	-3.229987e-01	-1.915281e-01	-1.310686e-01	-6.045943e-02
6.760000e+02	-3.529964e-02	-3.228967e-01	-1.915402e-01	-1.310697e-01	-6.047043e-02
6.770000e+02	-3.529544e-02	-3.227936e-01	-1.915536e-01	-1.310722e-01	-6.048135e-02
6.780000e+02	-3.529049e-02	-3.226919e-01	-1.915655e-01	-1.310732e-01	-6.049225e-02
6.790000e+02	-3.528613e-02	-3.225895e-01	-1.915784e-01	-1.310753e-01	-6.050308e-02
6.800000e+02	-3.528118e-02	-3.224882e-01	-1.915902e-01	-1.310763e-01	-6.051394e-02
6.810000e+02	-3.527684e-02	-3.223865e-01	-1.916033e-01	-1.310785e-01	-6.052484e-02
6.820000e+02	-3.527208e-02	-3.222857e-01	-1.916155e-01	-1.310799e-01	-6.053569e-02
6.830000e+02	-3.526769e-02	-3.221847e-01	-1.916284e-01	-1.310819e-01	-6.054652e-02
6.840000e+02	-3.526296e-02	-3.220843e-01	-1.916406e-01	-1.310833e-01	-6.055732e-02
6.850000e+02	-3.525842e-02	-3.219838e-01	-1.916530e-01	-1.310849e-01	-6.056805e-02
6.860000e+02	-3.525388e-02	-3.218839e-01	-1.916653e-01	-1.310865e-01	-6.057876e-02
6.870000e+02	-3.524930e-02	-3.217841e-01	-1.916777e-01	-1.310882e-01	-6.058957e-02
6.880000e+02	-3.524479e-02	-3.216847e-01	-1.916902e-01	-1.310899e-01	-6.060033e-02
6.890000e+02	-3.524020e-02	-3.215856e-01	-1.917025e-01	-1.310914e-01	-6.061103e-02
6.900000e+02	-3.523573e-02	-3.214866e-01	-1.917148e-01	-1.310931e-01	-6.062165e-02
6.910000e+02	-3.523120e-02	-3.213881e-01	-1.917271e-01	-1.310947e-01	-6.063232e-02
6.920000e+02	-3.522681e-02	-3.212896e-01	-1.917395e-01	-1.310966e-01	-6.064294e-02
6.930000e+02	-3.522219e-02	-3.211916e-01	-1.917516e-01	-1.310980e-01	-6.065362e-02
6.940000e+02	-3.521786e-02	-3.210936e-01	-1.917641e-01	-1.310999e-01	-6.066417e-02
6.950000e+02	-3.521307e-02	-3.209963e-01	-1.917758e-01	-1.311010e-01	-6.067481e-02
6.960000e+02	-3.520888e-02	-3.208988e-01	-1.917885e-01	-1.311031e-01	-6.068537e-02
6.970000e+02	-3.520424e-02	-3.208019e-01	-1.918003e-01	-1.311044e-01	-6.069592e-02
6.980000e+02	-3.520002e-02	-3.207049e-01	-1.918128e-01	-1.311064e-01	-6.070640e-02
6.990000e+02	-3.519535e-02	-3.206087e-01	-1.918245e-01	-1.311076e-01	-6.071692e-02
7.000000e+02	-3.519109e-02	-3.205120e-01	-1.918370e-01	-1.311096e-01	-6.072743e-02
7.010000e+02	-3.518645e-02	-3.204165e-01	-1.918488e-01	-1.311109e-01	-6.073796e-02
7.020000e+02	-3.518226e-02	-3.203201e-01	-1.918613e-01	-1.311129e-01	-6.074837e-02
7.030000e+02	-3.517764e-02	-3.202255e-01	-1.918729e-01	-1.311141e-01	-6.075879e-02
7.040000e+02	-3.517348e-02	-3.201293e-01	-1.918853e-01	-1.311161e-01	-6.076915e-02
7.050000e+02	-3.516890e-02	-3.200355e-01	-1.918969e-01	-1.311174e-01	-6.077955e-02
7.060000e+02	-3.516475e-02	-3.199397e-01	-1.919094e-01	-1.311195e-01	-6.078994e-02
7.070000e+02	-3.516013e-02	-3.198463e-01	-1.919210e-01	-1.311206e-01	-6.080035e-02
7.080000e+02	-3.515598e-02	-3.197513e-01	-1.919333e-01	-1.311226e-01	-6.081065e-02
7.090000e+02	-3.515145e-02	-3.196582e-01	-1.919447e-01	-1.311238e-01	-6.082091e-02
7.100000e+02	-3.514730e-02	-3.195637e-01	-1.919570e-01	-1.311258e-01	-6.083118e-02
7.110000e+02	-3.514280e-02	-3.194711e-01	-1.919685e-01	-1.311271e-01	-6.084147e-02
7.120000e+02	-3.513858e-02	-3.193771e-01	-1.919807e-01	-1.311289e-01	-6.085175e-02
7.130000e+02	-3.513422e-02	-3.192851e-01	-1.919924e-01	-1.311304e-01	-6.086200e-02
7.140000e+02	-3.512988e-02	-3.191917e-01	-1.920041e-01	-1.311319e-01	-6.087218e-02
7.150000e+02	-3.512567e-02	-3.191000e-01	-1.920161e-01	-1.311337e-01	-6.088237e-02
7.160000e+02	-3.512127e-02	-3.190071e-01	-1.920276e-01	-1.311351e-01	-6.089252e-02
7.170000e+02	-3.511714e-02	-3.189159e-01	-1.920395e-01	-1.311369e-01	-6.090261e-02
7.180000e+02	-3.511268e-02	-3.188237e-01	-1.920510e-01	-1.311382e-01	-6.091281e-02
7.190000e+02	-3.510853e-02	-3.187329e-01	-1.920629e-01	-1.311400e-01	-6.092293e-02
7.200000e+02	-3.510420e-02	-3.186412e-01	-1.920745e-01	-1.311414e-01	-6.093303e-02
7.210000e+02	-3.510006e-02	-3.185508e-01	-1.920862e-01	-1.311432e-01	-6.094306e-02
7.220000e+02	-3.509584e-02	-3.184598e-01	-1.920978e-01	-1.311447e-01	-6.095305e-02
7.230000e+02	-3.509167e-02	-3.183697e-01	-1.921094e-01	-1.311464e-01	-6.096305e-02
7.240000e+02	-3.508727e-02	-3.182793e-01	-1.921208e-01	-1.311477e-01	-6.097313e-02
7.250000e+02	-3.508318e-02	-3.181895e-01	-1.921326e-01	-1.311495e-01	-6.098312e-02
7.260000e+02	-3.507890e-02	-3.180998e-01	-1.921439e-01	-1.311509e-01	-6.099307e-02
7.270000e+02	-3.507487e-02	-3.180104e-01	-1.921556e-01	-1.311527e-01	-6.100292e-02
7.280000e+02	-3.507063e-02	-3.179214e-01	-1.921670e-01	-1.311541e-01	-6.101285e-02
7.290000e+02	-3.506645e-02	-3.178322e-01	-1.921784e-01	-1.311557e-01	-6.102277e-02
7.300000e+02	-3.506224e-02	-3.177438e-01	-1.921899e-01	-1.311572e-01	-6.103272e-02
7.310000e+02	-3.505816e-02	-3.176548e-01	-1.922014e-01	-1.311589e-01	-6.104255e-02
7.320000e+02	-3.505400e-02	-3.175674e-01	-1.922127e-01	-1.311604e-01	-6.105235e-02
7.330000e+02	-3.504997e-02	-3.174785e-01	-1.922241e-01	-1.311620e-01	-6.106208e-02
7.340000e+02	-3.504581e-02	-3.173918e-01	-1.922353e-01	-1.311635e-01	-6.107186e-02
7.350000e+02	-3.504163e-02	-3.173032e-01	-1.922467e-01	-1.311650e-01	-6.108172e-02
7.360000e+02	-3.503751e-02	-3.172170e-01	-1.922581e-01	-1.311666e-01	-6.109155e-02
7.370000e+02	-3.503349e-02	-3.171290e-01	-1.922693e-01	-1.311682e-01	-6.110118e-02
7.380000e+02	-3.502948e-02	-3.170432e-01	-1.922806e-01	-1.311698e-01	-6.111081e-02
7.390000e+02	-3.502545e-02	-3.169557e-01	-1.922918e-01	-1.311713e-01	-6.112045e-02
7.400000e+02	-3.502135e-02	-3.168703e-01	-1.923031e-01	-1.311729e-01	-6.113019e-02
7.410000e+02	-3.501715e-02	-3.167833e-01	-1.923141e-01	-1.311742e-01	-6.113989e-02
7.420000e+02	-3.501319e-02	-3.166983e-01	-1.923254e-01	-1.311759e-01	-6.114951e-02
7.430000e+02	-3.500910e-02	-3.166118e-01	-1.923362e-01	-1.311772e-01	-6.115900e-02
7.440000e+02	-3.500533e-02	-3.165274e-01	-1.923478e-01	-1.311792e-01	-6.116854e-02
7.450000e+02	-3.500105e-02	-3.164413e-01	-1.923583e-01	-1.311802e-01	-6.117809e-02
7.460000e+02	-3.499728e-02	-3.163573e-01	-1.923699e-01	-1.311823e-01	-6.118770e-02
7.470000e+02	-3.499290e-02	-3.162717e-01	-1.923803e-01	-1.311830e-01	-6.119723e-02
7.480000e+02	-3.498932e-02	-3.161880e-01	-1.923920e-01	-1.311853e-01	-6.120669e-02
7.490000e+02	-3.498503e-02	-3.161030e-01	-1.924023e-01	-1.311862e-01	-6.121610e-02
7.500000e+02	-3.498138e-02	-3.160198e-01	-1.924137e-01	-1.311882e-01	-6.122546e-02
7.510000e+02	-3.497717e-02	-3.159353e-01	-1.924242e-01	-1.311893e-01	-6.123492e-02
7.520000e+02	-3.497344e-02	-3.158525e-01	-1.924356e-01	-1.311913e-01	-6.124437e-02
7.530000e+02	-3.496934e-02	-3.157685e-01	-1.924462e-01	-1.311924e-01	-6.125376e-02
7.540000e+02	-3.496561e-02	-3.156860e-01	-1.924573e-01	-1.311943e-01	-6.126305e-02
7.550000e+02	-3.496146e-02	-3.156026e-01	-1.924676e-01	-1.311952e-01	-6.127233e-02
7.560000e+02	-3.495772e-02	-3.155203e-01	-1.924787e-01	-1.311971e-01	-6.128163e-02
7.570000e+02	-3.495374e-02	-3.154376e-01	-1.924893e-01	-1.311984e-01	-6.129091e-02
7.580000e+02	-3.494992e-02	-3.153557e-01	-1.925003e-01	-1.312001e-01	-6.130022e-02
7.590000e+02	-3.494603e-02	-3.152736e-01	-1.925111e-01	-1.312016e-01	-6.130951e-02
7.600000e+02	-3.494212e-02	-3.151917e-01	-1.925215e-01	-1.312029e-01	-6.131865e-02
7.610000e+02	-3.493835e-02	-3.151104e-01	-1.925323e-01	-1.312045e-01	-6.132780e-02
7.620000e+02	-3.493444e-02	-3.150286e-01	-1.925427e-01	-1.312058e-01	-6.133692e-02
7.630000e+02	-3.493069e-02	-3.149482e-01	-1.925536e-01	-1.312075e-01	-6.134611e-02
7.640000e+02	-3.492675e-02	-3.148665e-01	-1.925641e-01	-1.312088e-01	-6.135531e-02
7.650000e+02	-3.492305e-02	-3.147869e-01	-1.925750e-01	-1.312105e-01	-6.136444e-02
7.660000e+02	-3.491917e-02	-3.147053e-01	-1.925852e-01	-1.312118e-01	-6.137341e-02
7.670000e+02	-3.491551e-02	-3.146262e-01	-1.925958e-01	-1.312134e-01	-6.138237e-02
7.680000e+02	-3.491161e-02	-3.145451e-01	-1.926061e-01	-1.312147e-01	-6.139142e-02
7.690000e+02	-3.490794e-02	-3.144664e-01	-1.926169e-01	-1.312164e-01	-6.140050e-02
7.700000e+02	-3.490403e-02	-3.143858e-01	-1.926272e-01	-1.312176e-01	-6.140956e-02
7.710000e+02	-3.490043e-02	-3.143074e-01	-1.926378e-01	-1.312194e-01	-6.141849e-02
7.720000e+02	-3.489653e-02	-3.142272e-01	-1.926477e-01	-1.312204e-01	-6.142732e-02
7.730000e+02	-3.489302e-02	-3.141494e-01	-1.926585e-01	-1.312223e-01	-6.143624e-02
7.740000e+02	-3.488904e-02	-3.140699e-01	-1.926682e-01	-1.312231e-01	-6.144507e-02
7.750000e+02	-3.488567e-02	-3.139920e-01	-1.926794e-01	-1.312254e-01	-6.145403e-02
7.760000e+02	-3.488151e-02	-3.139128e-01	-1.926889e-01	-1.312260e-01	-6.146296e-02
7.770000e+02	-3.487823e-02	-3.138356e-01	-1.927001e-01	-1.312283e-01	-6.147182e-02
7.780000e+02	-3.487410e-02	-3.137570e-01	-1.927091e-01	-1.312287e-01	-6.148046e-02
7.790000e+02	-3.487095e-02	-3.136800e-01	-1.927201e-01	-1.312310e-01	-6.148909e-02
7.800000e+02	-3.486684e-02	-3.136017e-01	-1.927294e-01	-1.312316e-01	-6.149786e-02
7.810000e+02	-3.486351e-02	-3.135253e-01	-1.927407e-01	-1.312338e-01	-6.150682e-02
7.820000e+02	-3.485956e-02	-3.134473e-01	-1.927502e-01	-1.312347e-01	-6.151555e-02
7.830000e+02	-3.485634e-02	-3.133716e-01	-1.927607e-01	-1.312367e-01	-6.152401e-02
7.840000e+02	-3.485241e-02	-3.132940e-01	-1.927700e-01	-1.312374e-01	-6.153259e-02
7.850000e+02	-3.484902e-02	-3.132180e-01	-1.927807e-01	-1.312394e-01	-6.154132e-02
7.860000e+02	-3.484511e-02	-3.131414e-01	-1.927902e-01	-1.312402e-01	-6.154998e-02
7.870000e+02	-3.484177e-02	-3.130659e-01	-1.928007e-01	-1.312421e-01	-6.155859e-02
7.880000e+02	-3.483810e-02	-3.129897e-01	-1.928104e-01	-1.312433e-01	-6.156711e-02
7.890000e+02	-3.483460e-02	-3.129143e-01	-1.928203e-01	-1.312448e-01	-6.157557e-02
7.900000e+02	-3.483105e-02	-3.128386e-01	-1.928301e-01	-1.312461e-01	-6.158400e-02
7.910000e+02	-3.482745e-02	-3.127634e-01	-1.928398e-01	-1.312474e-01	-6.159246e-02
7.920000e+02	-3.482396e-02	-3.126887e-01	-1.928501e-01	-1.312490e-01	-6.160108e-02
7.930000e+02	-3.482033e-02	-3.126134e-01	-1.928598e-01	-1.312502e-01	-6.160955e-02
7.940000e+02	-3.481700e-02	-3.125395e-01	-1.928697e-01	-1.312519e-01	-6.161787e-02
7.950000e+02	-3.481332e-02	-3.124641e-01	-1.928790e-01	-1.312528e-01	-6.162617e-02
7.960000e+02	-3.481008e-02	-3.123908e-01	-1.928891e-01	-1.312546e-01	-6.163446e-02
7.970000e+02	-3.480633e-02	-3.123158e-01	-1.928983e-01	-1.312555e-01	-6.164284e-02
7.980000e+02	-3.480308e-02	-3.122431e-01	-1.929087e-01	-1.312574e-01	-6.165127e-02
7.990000e+02	-3.479945e-02	-3.121687e-01	-1.929179e-01	-1.312584e-01	-6.165947e-02
8.000000e+02	-3.479627e-02	-3.120960e-01	-1.929281e-01	-1.312603e-01	-6.166776e-02
8.010000e+02	-3.479248e-02	-3.120217e-01	-1.929369e-01	-1.312609e-01	-6.167595e-02
8.020000e+02	-3.478935e-02	-3.119497e-01	-1.929470e-01	-1.312628e-01	-6.168414e-02
8.030000e+02	-3.478558e-02	-3.118759e-01	-1.929557e-01	-1.312634e-01	-6.169228e-02
8.040000e+02	-3.478263e-02	-3.118042e-01	-1.929663e-01	-1.312658e-01	-6.170053e-02
8.050000e+02	-3.477876e-02	-3.117307e-01	-1.929748e-01	-1.312662e-01	-6.170865e-02
8.060000e+02	-3.477589e-02	-3.116595e-01	-1.929853e-01	-1.312685e-01	-6.171676e-02
8.070000e+02	-3.477191e-02	-3.115863e-01	-1.929934e-01	-1.312686e-01	-6.172479e-02
8.080000e+02	-3.476916e-02	-3.115155e-01	-1.930040e-01	-1.312712e-01	-6.173285e-02
8.090000e+02	-3.476522e-02	-3.114428e-01	-1.930121e-01	-1.312713e-01	-6.174085e-02
8.100000e+02	-3.476241e-02	-3.113723e-01	-1.930227e-01	-1.312738e-01	-6.174895e-02
8.110000e+02	-3.475856e-02	-3.113000e-01	-1.930310e-01	-1.312740e-01	-6.175691e-02
8.120000e+02	-3.475578e-02	-3.112301e-01	-1.930413e-01	-1.312764e-01	-6.176487e-02
8.130000e+02	-3.475205e-02	-3.111581e-01	-1.930496e-01	-1.312768e-01	-6.177274e-02
8.140000e+02	-3.474917e-02	-3.110882e-01	-1.930597e-01	-1.312790e-01	-6.178067e-02
8.150000e+02	-3.474539e-02	-3.110168e-01	-1.930678e-01	-1.312793e-01	-6.178853e-02
8.160000e+02	-3.474248e-02	-3.109473e-01	-1.930778e-01	-1.312814e-01	-6.179643e-02
8.170000e+02	-3.473892e-02	-3.108764e-01	-1.930863e-01	-1.312821e-01	-6.180425e-02
8.180000e+02	-3.473594e-02	-3.108071e-01	-1.930960e-01	-1.312840e-01	-6.181208e-02
8.190000e+02	-3.473256e-02	-3.107368e-01	-1.931048e-01	-1.312849e-01	-6.181983e-02
8.200000e+02	-3.472936e-02	-3.106675e-01	-1.931139e-01	-1.312863e-01	-6.182760e-02
8.210000e+02	-3.472613e-02	-3.105978e-01	-1.931229e-01	-1.312876e-01	-6.183532e-02
8.220000e+02	-3.472286e-02	-3.105286e-01	-1.931318e-01	-1.312888e-01	-6.184305e-02
8.230000e+02	-3.471975e-02	-3.104598e-01	-1.931409e-01	-1.312902e-01	-6.185072e-02
8.240000e+02	-3.471644e-02	-3.103905e-01	-1.931496e-01	-1.312913e-01	-6.185839e-02
8.250000e+02	-3.471346e-02	-3.103225e-01	-1.931589e-01	-1.312929e-01	-6.186601e-02
8.260000e+02	-3.471007e-02	-3.102533e-01	-1.931674e-01	-1.312937e-01	-6.187361e-02
8.270000e+02	-3.470716e-02	-3.101857e-01	-1.931767e-01	-1.312955e-01	-6.188120e-02
8.280000e+02	-3.470375e-02	-3.101168e-01	-1.931850e-01	-1.312962e-01	-6.188876e-02
8.290000e+02	-3.470092e-02	-3.100496e-01	-1.931943e-01	-1.312981e-01	-6.189625e-02
8.300000e+02	-3.469748e-02	-3.099811e-01	-1.932026e-01	-1.312988e-01	-6.190381e-02
8.310000e+02	-3.469469e-02	-3.099144e-01	-1.932120e-01	-1.313007e-01	-6.191131e-02
8.320000e+02	-3.469116e-02	-3.098461e-01	-1.932198e-01	-1.313011e-01	-6.191875e-02
8.330000e+02	-3.468850e-02	-3.097797e-01	-1.932294e-01	-1.313032e-01	-6.192619e-02
8.340000e+02	-3.468493e-02	-3.097117e-01	-1.932370e-01	-1.313034e-01	-6.193357e-02
8.350000e+02	-3.468245e-02	-3.096458e-01	-1.932468e-01	-1.313059e-01	-6.194097e-02
8.360000e+02	-3.467876e-02	-3.095781e-01	-1.932541e-01	-1.313058e-01	-6.194832e-02
8.370000e+02	-3.467634e-02	-3.095126e-01	-1.932640e-01	-1.313084e-01	-6.195568e-02
8.380000e+02	-3.467256e-02	-3.094453e-01	-1.932711e-01	-1.313081e-01	-6.196299e-02
8.390000e+02	-3.467022e-02	-3.093801e-01	-1.932810e-01	-1.313107e-01	-6.197029e-02
8.400000e+02	-3.466655e-02	-3.093131e-01	-1.932881e-01	-1.313106e-01	-6.197751e-02
8.410000e+02	-3.466418e-02	-3.092484e-01	-1.932979e-01	-1.313131e-01	-6.198476e-02
8.420000e+02	-3.466062e-02	-3.091817e-01	-1.933051e-01	-1.313132e-01	-6.199196e-02
8.430000e+02	-3.465822e-02	-3.091173e-01	-1.933147e-01	-1.313156e-01	-6.199916e-02
8.440000e+02	-3.465464e-02	-3.090510e-01	-1.933219e-01	-1.313156e-01	-6.200630e-02
8.450000e+02	-3.465221e-02	-3.089868e-01	-1.933313e-01	-1.313179e-01	-6.201344e-02
8.460000e+02	-3.464868e-02	-3.089210e-01	-1.933384e-01	-1.313179e-01	-6.202054e-02
8.470000e+02	-3.464623e-02	-3.088571e-01	-1.933478e-01	-1.313201e-01	-6.202766e-02
8.480000e+02	-3.464296e-02	-3.087918e-01	-1.933553e-01	-1.313206e-01	-6.203469e-02
8.490000e+02	-3.464031e-02	-3.087280e-01	-1.933641e-01	-1.313224e-01	-6.204174e-02
8.500000e+02	-3.463715e-02	-3.086634e-01	-1.933718e-01	-1.313230e-01	-6.204874e-02
8.510000e+02	-3.463438e-02	-3.085994e-01	-1.933802e-01	-1.313245e-01	-6.205573e-02
8.520000e+02	-3.463140e-02	-3.085356e-01	-1.933882e-01	-1.313255e-01	-6.206269e-02
8.530000e+02	-3.462860e-02	-3.084715e-01	-1.933965e-01	-1.313268e-01	-6.206964e-02
8.540000e+02	-3.462571e-02	-3.084085e-01	-1.934045e-01	-1.313280e-01	-6.207654e-02
8.550000e+02	-3.462281e-02	-3.083445e-01	-1.934125e-01	-1.313290e-01	-6.208343e-02
8.560000e+02	-3.462003e-02	-3.082820e-01	-1.934206e-01	-1.313303e-01	-6.209028e-02
8.570000e+02	-3.461707e-02	-3.082182e-01	-1.934284e-01	-1.313313e-01	-6.209712e-02
8.580000e+02	-3.461439e-02	-3.081560e-01	-1.934366e-01	-1.313327e-01	-6.210393e-02
8.590000e+02	-3.461148e-02	-3.080926e-01	-1.934444e-01	-1.313337e-01	-6.211071e-02
8.600000e+02	-3.460887e-02	-3.080308e-01	-1.934527e-01	-1.313352e-01	-6.211748e-02
8.610000e+02	-3.460578e-02	-3.079676e-01	-1.934600e-01	-1.313358e-01	-6.212421e-02
8.620000e+02	-3.460322e-02	-3.079062e-01	-1.934683e-01	-1.313374e-01	-6.213093e-02
8.630000e+02	-3.460012e-02	-3.078433e-01	-1.934755e-01	-1.313379e-01	-6.213761e-02
8.640000e+02	-3.459780e-02	-3.077823e-01	-1.934842e-01	-1.313399e-01	-6.214431e-02
8.650000e+02	-3.459458e-02	-3.077196e-01	-1.934910e-01	-1.313401e-01	-6.215093e-02
8.660000e+02	-3.459234e-02	-3.076590e-01	-1.934998e-01	-1.313422e-01	-6.215754e-02
8.670000e+02	-3.458898e-02	-3.075966e-01	-1.935062e-01	-1.313421e-01	-6.216413e-02
8.680000e+02	-3.458688e-02	-3.075364e-01	-1.935152e-01	-1.313445e-01	-6.217070e-02
8.690000e+02	-3.458352e-02	-3.074742e-01	-1.935216e-01	-1.313443e-01	-6.217726e-02
8.700000e+02	-3.458142e-02	-3.074144e-01	-1.935304e-01	-1.313466e-01	-6.218378e-02
8.710000e+02	-3.457815e-02	-3.073525e-01	-1.935368e-01	-1.313466e-01	-6.219026e-02
8.720000e+02	-3.457607e-02	-3.072931e-01	-1.935456e-01	-1.313489e-01	-6.219671e-02
8.730000e+02	-3.457287e-02	-3.072316e-01	-1.935521e-01	-1.313489e-01	-6.220317e-02
8.740000e+02	-3.457073e-02	-3.071723e-01	-1.935606e-01	-1.313510e-01	-6.220958e-02
8.750000e+02	-3.456744e-02	-3.071112e-01	-1.935668e-01	-1.313508e-01	-6.221597e-02
8.760000e+02	-3.456534e-02	-3.070522e-01	-1.935754e-01	-1.313530e-01	-6.222234e-02
8.770000e+02	-3.456227e-02	-3.069916e-01	-1.935819e-01	-1.313532e-01	-6.222868e-02
8.780000e+02	-3.456005e-02	-3.069327e-01	-1.935902e-01	-1.313551e-01	-6.223504e-02
8.790000e+02	-3.455714e-02	-3.068726e-01	-1.935969e-01	-1.313556e-01	-6.224131e-02
8.800000e+02	-3.455472e-02	-3.068138e-01	-1.936046e-01	-1.313570e-01	-6.224757e-02
8.810000e+02	-3.455197e-02	-3.067543e-01	-1.936116e-01	-1.313578e-01	-6.225382e-02
8.820000e+02	-3.454951e-02	-3.066954e-01	-1.936191e-01	-1.313591e-01	-6.226006e-02
8.830000e+02	-3.454688e-02	-3.066367e-01	-1.936263e-01	-1.313600e-01	-6.226626e-02
8.840000e+02	-3.454433e-02	-3.065776e-01	-1.936336e-01	-1.313611e-01	-6.227246e-02
8.850000e+02	-3.454184e-02	-3.065197e-01	-1.936408e-01	-1.313623e-01	-6.227858e-02
8.860000e+02	-3.453919e-02	-3.064606e-01	-1.936478e-01	-1.313631e-01	-6.228468e-02
8.870000e+02	-3.453677e-02	-3.064031e-01	-1.936551e-01	-1.313643e-01	-6.229078e-02
8.880000e+02	-3.453414e-02	-3.063444e-01	-1.936621e-01	-1.313652e-01	-6.229690e-02
8.890000e+02	-3.453184e-02	-3.062872e-01	-1.936696e-01	-1.313667e-01	-6.230297e-02
8.900000e+02	-3.452913e-02	-3.062287e-01	-1.936762e-01	-1.313672e-01	-6.230896e-02
8.910000e+02	-3.452688e-02	-3.061718e-01	-1.936836e-01	-1.313687e-01	-6.231493e-02
8.920000e+02	-3.452406e-02	-3.061135e-01	-1.936899e-01	-1.313690e-01	-6.232090e-02
8.930000e+02	-3.452198e-02	-3.060561e-01	-1.936977e-01	-1.313708e-01	-6.232686e-02
8.940000e+02	-3.451908e-02	-3.059983e-01	-1.937039e-01	-1.313710e-01	-6.233285e-02
8.950000e+02	-3.451715e-02	-3.059430e-01	-1.937119e-01	-1.313731e-01	-6.233882e-02
8.960000e+02	-3.451414e-02	-3.058845e-01	-1.937175e-01	-1.313729e-01	-6.234460e-02
8.970000e+02	-3.451233e-02	-3.058290e-01	-1.937255e-01	-1.313751e-01	-6.235043e-02
8.980000e+02	-3.450921e-02	-3.057718e-01	-1.937311e-01	-1.313747e-01	-6.235632e-02
8.990000e+02	-3.450747e-02	-3.057157e-01	-1.937392e-01	-1.313771e-01	-6.236212e-02
9.000000e+02	-3.450443e-02	-3.056585e-01	-1.937448e-01	-1.313768e-01	-6.236796e-02
9.010000e+02	-3.450266e-02	-3.056042e-01	-1.937528e-01	-1.313791e-01	-6.237373e-02
9.020000e+02	-3.449975e-02	-3.055463e-01	-1.937583e-01	-1.313789e-01	-6.237938e-02
9.030000e+02	-3.449798e-02	-3.054919e-01	-1.937661e-01	-1.313810e-01	-6.238510e-02
9.040000e+02	-3.449497e-02	-3.054355e-01	-1.937716e-01	-1.313808e-01	-6.239084e-02
9.050000e+02	-3.449319e-02	-3.053804e-01	-1.937794e-01	-1.313829e-01	-6.239653e-02
9.060000e+02	-3.449025e-02	-3.053242e-01	-1.937849e-01	-1.313827e-01	-6.240218e-02
9.070000e+02	-3.448847e-02	-3.052705e-01	-1.937925e-01	-1.313847e-01	-6.240780e-02
9.080000e+02	-3.448579e-02	-3.052138e-01	-1.937982e-01	-1.313849e-01	-6.241331e-02
9.090000e+02	-3.448380e-02	-3.051599e-01	-1.938053e-01	-1.313865e-01	-6.241887e-02
9.100000e+02	-3.448123e-02	-3.051042e-01	-1.938114e-01	-1.313869e-01	-6.242445e-02
9.110000e+02	-3.447905e-02	-3.050501e-01	-1.938184e-01	-1.313882e-01	-6.243013e-02
9.120000e+02	-3.447667e-02	-3.049951e-01	-1.938245e-01	-1.313889e-01	-6.243558e-02
9.130000e+02	-3.447453e-02	-3.049413e-01	-1.938311e-01	-1.313901e-01	-6.244101e-02
9.140000e+02	-3.447231e-02	-3.048869e-01	-1.938373e-01	-1.313910e-01	-6.244633e-02
9.150000e+02	-3.446996e-02	-3.048326e-01	-1.938437e-01	-1.313918e-01	-6.245187e-02
9.160000e+02	-3.446778e-02	-3.047790e-01	-1.938503e-01	-1.313929e-01	-6.245735e-02
9.170000e+02	-3.446543e-02	-3.047251e-01	-1.938563e-01	-1.313936e-01	-6.246271e-02
9.180000e+02	-3.446339e-02	-3.046714e-01	-1.938630e-01	-1.313949e-01	-6.246810e-02
9.190000e+02	-3.446103e-02	-3.046178e-01	-1.938690e-01	-1.313955e-01	-6.247345e-02
9.200000e+02	-3.445913e-02	-3.045647e-01	-1.938755e-01	-1.313969e-01	-6.247865e-02
9.210000e+02	-3.445655e-02	-3.045114e-01	-1.938811e-01	-1.313971e-01	-6.248399e-02
9.220000e+02	-3.445471e-02	-3.044585e-01	-1.938879e-01	-1.313987e-01	-6.248924e-02
9.230000e+02	-3.445210e-02	-3.044041e-01	-1.938934e-01	-1.313988e-01	-6.249458e-02
9.240000e+02	-3.445045e-02	-3.043528e-01	-1.939007e-01	-1.314008e-01	-6.249990e-02
9.250000e+02	-3.444778e-02	-3.042992e-01	-1.939055e-01	-1.314005e-01	-6.250497e-02
9.260000e+02	-3.444626e-02	-3.042475e-01	-1.939127e-01	-1.314026e-01	-6.251011e-02
9.270000e+02	-3.444343e-02	-3.041948e-01	-1.939173e-01	-1.314021e-01	-6.251520e-02
9.280000e+02	-3.444197e-02	-3.041429e-01	-1.939249e-01	-1.314044e-01	-6.252048e-02
9.290000e+02	-3.443915e-02	-3.040892e-01	-1.939296e-01	-1.314040e-01	-6.252565e-02
9.300000e+02	-3.443772e-02	-3.040392e-01	-1.939368e-01	-1.314061e-01	-6.253069e-02
9.310000e+02	-3.443502e-02	-3.039864e-01	-1.939414e-01	-1.314057e-01	-6.253569e-02
9.320000e+02	-3.443364e-02	-3.039350e-01	-1.939486e-01	-1.314079e-01	-6.254065e-02
9.330000e+02	-3.443092e-02	-3.038821e-01	-1.939534e-01	-1.314076e-01	-6.254577e-02
9.340000e+02	-3.442938e-02	-3.038326e-01	-1.939606e-01	-1.314097e-01	-6.255092e-02
9.350000e+02	-3.442667e-02	-3.037802e-01	-1.939649e-01	-1.314091e-01	-6.255578e-02
9.360000e+02	-3.442525e-02	-3.037298e-01	-1.939719e-01	-1.314112e-01	-6.256070e-02
9.370000e+02	-3.442278e-02	-3.036776e-01	-1.939766e-01	-1.314111e-01	-6.256551e-02
9.380000e+02	-3.442113e-02	-3.036279e-01	-1.939835e-01	-1.314129e-01	-6.257061e-02
9.390000e+02	-3.441871e-02	-3.035765e-01	-1.939886e-01	-1.314130e-01	-6.257558e-02
9.400000e+02	-3.441697e-02	-3.035261e-01	-1.939947e-01	-1.314143e-01	-6.258036e-02
9.410000e+02	-3.441485e-02	-3.034752e-01	-1.939998e-01	-1.314147e-01	-6.258503e-02
9.420000e+02	-3.441300e-02	-3.034247e-01	-1.940059e-01	-1.314159e-01	-6.258994e-02
9.430000e+02	-3.441089e-02	-3.033748e-01	-1.940115e-01	-1.314166e-01	-6.259484e-02
9.440000e+02	-3.440894e-02	-3.033245e-01	-1.940171e-01	-1.314175e-01	-6.259964e-02
9.450000e+02	-3.440707e-02	-3.032751e-01	-1.940227e-01	-1.314184e-01	-6.260427e-02
9.460000e+02	-3.440494e-02	-3.032246e-01	-1.940281e-01	-1.314190e-01	-6.260910e-02
9.470000e+02	-3.440313e-02	-3.031753e-01	-1.940339e-01	-1.314201e-01	-6.261381e-02
9.480000e+02	-3.440110e-02	-3.031252e-01	-1.940391e-01	-1.314206e-01	-6.261843e-02
9.490000e+02	-3.439945e-02	-3.030764e-01	-1.940450e-01	-1.314220e-01	-6.262307e-02
9.500000e+02	-3.439722e-02	-3.030264e-01	-1.940499e-01	-1.314222e-01	-6.262771e-02
9.510000e+02	-3.439558e-02	-3.029781e-01	-1.940560e-01	-1.314236e-01	-6.263240e-02
9.520000e+02	-3.439327e-02	-3.029282e-01	-1.940606e-01	-1.314235e-01	-6.263701e-02
9.530000e+02	-3.439187e-02	-3.028800e-01	-1.940670e-01	-1.314254e-01	-6.264164e-02
9.540000e+02	-3.438949e-02	-3.028303e-01	-1.940712e-01	-1.314251e-01	-6.264613e-02
9.550000e+02	-3.438824e-02	-3.027826e-01	-1.940777e-01	-1.314271e-01	-6.265063e-02
9.560000e+02	-3.438568e-02	-3.027331e-01	-1.940817e-01	-1.314265e-01	-6.265515e-02
9.570000e+02	-3.438450e-02	-3.026856e-01	-1.940884e-01	-1.314287e-01	-6.265970e-02
9.580000e+02	-3.438190e-02	-3.026363e-01	-1.940923e-01	-1.314280e-01	-6.266423e-02
9.590000e+02	-3.438077e-02	-3.025893e-01	-1.940989e-01	-1.314302e-01	-6.266868e-02
9.600000e+02	-3.437831e-02	-3.025401e-01	-1.941027e-01	-1.314297e-01	-6.267305e-02
9.610000e+02	-3.437718e-02	-3.024934e-01	-1.941092e-01	-1.314318e-01	-6.267744e-02
9.620000e+02	-3.437475e-02	-3.024444e-01	-1.941132e-01	-1.314314e-01	-6.268184e-02
9.630000e+02	-3.437356e-02	-3.023979e-01	-1.941196e-01	-1.314334e-01	-6.268625e-02
9.640000e+02	-3.437104e-02	-3.023492e-01	-1.941233e-01	-1.314327e-01	-6.269060e-02
9.650000e+02	-3.436989e-02	-3.023028e-01	-1.941296e-01	-1.314347e-01	-6.269493e-02
9.660000e+02	-3.436756e-02	-3.022545e-01	-1.941335e-01	-1.314343e-01	-6.269921e-02
9.670000e+02	-3.436633e-02	-3.022083e-01	-1.941397e-01	-1.314362e-01	-6.270353e-02
9.680000e+02	-3.436415e-02	-3.021604e-01	-1.941439e-01	-1.314361e-01	-6.270777e-02
9.690000e+02	-3.436271e-02	-3.021142e-01	-1.941494e-01	-1.314374e-01	-6.271201e-02
9.700000e+02	-3.436072e-02	-3.020669e-01	-1.941539e-01	-1.314377e-01	-6.271623e-02
9.710000e+02	-3.435917e-02	-3.020205e-01	-1.941593e-01	-1.314388e-01	-6.272047e-02
9.720000e+02	-3.435733e-02	-3.019739e-01	-1.941639e-01	-1.314393e-01	-6.272461e-02
9.730000e+02	-3.435570e-02	-3.019273e-01	-1.941690e-01	-1.314402e-01	-6.272880e-02
9.740000e+02	-3.435401e-02	-3.018813e-01	-1.941739e-01	-1.314409e-01	-6.273293e-02
9.750000e+02	-3.435221e-02	-3.018347e-01	-1.941785e-01	-1.314415e-01	-6.273706e-02
9.760000e+02	-3.435063e-02	-3.017891e-01	-1.941836e-01	-1.314424e-01	-6.274116e-02
9.770000e+02	-3.434882e-02	-3.017427e-01	-1.941881e-01	-1.314429e-01	-6.274524e-02
9.780000e+02	-3.434739e-02	-3.016974e-01	-1.941934e-01	-1.314441e-01	-6.274930e-02
9.790000e+02	-3.434548e-02	-3.016511e-01	-1.941976e-01	-1.314443e-01	-6.275334e-02
9.800000e+02	-3.434411e-02	-3.016061e-01	-1.942029e-01	-1.314456e-01	-6.275734e-02
9.810000e+02	-3.434205e-02	-3.015599e-01	-1.942068e-01	-1.314455e-01	-6.276136e-02
9.820000e+02	-3.434085e-02	-3.015154e-01	-1.942125e-01	-1.314471e-01	-6.276537e-02
9.830000e+02	-3.433874e-02	-3.014693e-01	-1.942161e-01	-1.314468e-01	-6.276932e-02
9.840000e+02	-3.433773e-02	-3.014251e-01	-1.942220e-01	-1.314487e-01	-6.277326e-02
9.850000e+02	-3.433545e-02	-3.013791e-01	-1.942252e-01	-1.314481e-01	-6.277717e-02
9.860000e+02	-3.433453e-02	-3.013352e-01	-1.942312e-01	-1.314501e-01	-6.278107e-02
9.870000e+02	-3.433217e-02	-3.012894e-01	-1.942343e-01	-1.314493e-01	-6.278497e-02
9.880000e+02	-3.433130e-02	-3.012458e-01	-1.942403e-01	-1.314515e-01	-6.278885e-02
9.890000e+02	-3.432904e-02	-3.012001e-01	-1.942434e-01	-1.314507e-01	-6.279268e-02
9.900000e+02	-3.432816e-02	-3.011569e-01	-1.942493e-01	-1.314528e-01	-6.279651e-02
9.910000e+02	-3.432597e-02	-3.011114e-01	-1.942525e-01	-1.314522e-01	-6.280030e-02
9.920000e+02	-3.432507e-02	-3.010684e-01	-1.942583e-01	-1.314542e-01	-6.280409e-02
9.930000e+02	-3.432282e-02	-3.010231e-01	-1.942613e-01	-1.314535e-01	-6.280785e-02
9.940000e+02	-3.432191e-02	-3.009803e-01	-1.942670e-01	-1.314554e-01	-6.281160e-02
9.950000e+02	-3.431973e-02	-3.009354e-01	-1.942701e-01	-1.314548e-01	-6.281532e-02
9.960000e+02	-3.431881e-02	-3.008927e-01	-1.942757e-01	-1.314567e-01	-6.281906e-02
9.970000e+02	-3.431683e-02	-3.008481e-01	-1.942791e-01	-1.314564e-01	-6.282272e-02
9.980000e+02	-3.431572e-02	-3.008055e-01	-1.942842e-01	-1.314578e-01	-6.282639e-02
9.990000e+02	-3.431388e-02	-3.007614e-01	-1.942878e-01	-1.314578e-01	-6.283003e-02
1.000000e+03	-3.431262e-02	-3.007186e-01	-1.942926e-01	-1.314589e-01	-6.283369e-02
