/*--------------------------------*- C++ -*----------------------------------*\
| =========                 |                                                 |
| \\      /  F ield         | OpenFOAM: The Open Source CFD Toolbox           |
|  \\    /   O peration     | Version:  2.3.x                                 |
|   \\  /    A nd           | Web:      www.OpenFOAM.org                      |
|    \\/     M anipulation  |                                                 |
\*---------------------------------------------------------------------------*/
FoamFile
{
    version     2.0;
    format      ascii;
    class       faceSet;
    location    "constant/polyMesh/sets";
    object      nonOrthoFaces;
}
// * * * * * * * * * * * * * * * * * * * * * * * * * * * * * * * * * * * * * //


7429
(
1572897 
1572900 
1572903 
1572906 
1572909 
1572912 
1572915 
1572918 
1572921 
1572924 
1572927 
1572930 
1572933 
1572936 
1572939 
1572942 
1572986 
1572989 
1572992 
1572995 
1572998 
1573001 
1573004 
1573007 
1573010 
1573013 
1573016 
1573019 
1573022 
1573025 
1573028 
1573031 
1573078 
1573081 
1573084 
1573087 
1573090 
1573093 
1573096 
1573099 
1573102 
1573105 
1573108 
1573111 
1573114 
1573117 
1573167 
1573170 
1573173 
1573176 
1573179 
1573182 
1573185 
1573188 
1573191 
1573194 
1573197 
1573200 
1573203 
1573206 
1573259 
1573262 
1573265 
1573268 
1573271 
1573274 
1573277 
1573280 
1573283 
1573286 
1573289 
1573292 
1573351 
1573354 
1573357 
1573360 
1573363 
1573366 
1573369 
1573372 
1573375 
1573378 
1573446 
1573449 
1573452 
1573455 
1573458 
1573461 
1606597 
1606600 
1606603 
1606606 
1606686 
1606689 
1606692 
1606695 
1606698 
1606701 
1606704 
1573938 
1606778 
1606781 
1606784 
1606787 
1606790 
1574023 
1606793 
1574026 
1574027 
1606796 
1574030 
1606867 
1606870 
1606873 
1606876 
1606879 
1606882 
1574115 
1606885 
1574118 
1574119 
1606888 
1574122 
1606956 
1606959 
1606962 
1606965 
1606968 
1606971 
1606974 
1574207 
1606977 
1607048 
1607051 
1607054 
1607057 
1607060 
1607063 
1607066 
1607137 
1607140 
1607143 
1607146 
1607149 
1607152 
1607155 
1607229 
1607232 
1607235 
1607238 
1607241 
1607244 
1607321 
1607324 
1607327 
1607330 
1574580 
1574581 
1574583 
1574585 
1574586 
1574587 
1574588 
2000579 
1574639 
1574641 
1574644 
1574647 
1574650 
1574652 
1574653 
1574655 
1574656 
1574658 
1574659 
1574661 
1574662 
1574665 
2000665 
2000668 
1574730 
1574733 
1574736 
1574739 
1574741 
1574742 
1574744 
1574745 
1574747 
1574748 
1574750 
1574751 
1574753 
1574754 
1574756 
1574757 
1574760 
1574763 
2000754 
2000757 
1574819 
1574822 
1574825 
1574828 
1574831 
1574833 
1574834 
1574836 
1574837 
1574839 
1574840 
1574842 
1574843 
1574845 
1574846 
1574848 
1574849 
1574852 
1574855 
1574858 
2000843 
2000846 
1574908 
1574909 
1574911 
1574912 
1574914 
1574917 
1574920 
1574923 
1574925 
1574926 
1574928 
1574929 
1574931 
1574932 
1574934 
1574935 
1574937 
1574938 
1574940 
1574941 
1574944 
1574947 
2000932 
1574950 
2000935 
1574997 
1574998 
1575000 
1575001 
1575003 
1575004 
1575006 
1575009 
1575012 
1575014 
1575015 
1575017 
1575018 
1575020 
1575021 
1575023 
1575024 
1575026 
1575027 
1575029 
1575030 
1575032 
1575033 
1575036 
2001021 
1575039 
2001024 
1575042 
1575086 
1575089 
1575090 
1575092 
1575093 
1575095 
1575096 
1575098 
1575101 
1575104 
1575106 
1575107 
1575109 
1575110 
1575112 
1575113 
1575115 
1575116 
1575118 
1575119 
1575121 
1575122 
1575125 
1575128 
2001113 
1575131 
1575134 
1575178 
1575181 
1575182 
1575184 
1575185 
1575187 
1575188 
1575190 
1575193 
1575196 
1575198 
1575199 
1575201 
1575202 
1575204 
1575205 
1575207 
1575208 
1575210 
1575211 
1575214 
1575217 
1575220 
1575223 
1575226 
1575267 
1575270 
1575273 
1575274 
1575276 
1575277 
1575279 
1575280 
1575282 
1575285 
1575288 
1575290 
1575291 
1575293 
1575294 
1575296 
1575297 
1575300 
1575303 
1575306 
1575309 
1575312 
1575315 
1575356 
1575359 
1575362 
1575365 
1575366 
1575368 
1575369 
1575371 
1575374 
1575377 
1575380 
1575383 
1575386 
1575389 
1575392 
1575395 
1575398 
1575401 
1575404 
1575448 
1575451 
1575454 
1575457 
1575460 
1575463 
1575466 
1575469 
1575472 
1575475 
1575478 
1575481 
1575484 
1575487 
1575490 
1575493 
1575537 
1575540 
1575543 
1575546 
1575549 
1575552 
1575555 
1575558 
1575561 
1575564 
1575567 
1575570 
1575573 
1575576 
1575579 
1575582 
1575626 
1575629 
1870542 
1575632 
1575635 
1575638 
1575641 
1575644 
1575647 
1575650 
1575653 
1575656 
1575659 
1575662 
1575665 
1575668 
1870601 
1575718 
1575721 
1575724 
1575727 
1575730 
1575733 
1575736 
1575739 
1575742 
1575745 
1870660 
1575748 
1575751 
1575754 
1575757 
1870719 
1575810 
1575813 
1575816 
1575819 
1575822 
1575825 
1575828 
1575831 
1575834 
1575837 
1575840 
1575843 
1870778 
1575899 
1575902 
1575905 
1575908 
1575911 
1575914 
1575917 
1575920 
1575923 
1575926 
1575929 
1575991 
1575994 
1575997 
1576000 
1576003 
1576006 
1576009 
1576012 
1576015 
1576089 
1576092 
1576095 
1576098 
1609332 
1609335 
1543800 
1543801 
1543802 
1543803 
1543804 
1543805 
1543829 
1543830 
1543831 
1543833 
1543835 
1543837 
1543839 
1543841 
1543843 
1609421 
1609424 
1543888 
1543889 
1609427 
1543891 
1543892 
1609430 
1543894 
1543896 
1543898 
1543900 
1576670 
1543902 
1543904 
1543947 
1543948 
1543950 
1543952 
1543953 
1543954 
1543955 
1543957 
1543959 
1543961 
1543963 
1543965 
1609510 
1609513 
1609516 
1609519 
1609522 
1576755 
1576762 
1544006 
1544007 
1544009 
1544011 
1544012 
1544013 
1544014 
1544015 
1544016 
1544017 
1544018 
1544020 
1544022 
1544024 
1544026 
1544028 
1609599 
1544065 
1609602 
1544066 
1544068 
1609605 
1544070 
1544071 
1609608 
1544072 
1544073 
1544074 
1609611 
1544075 
1544076 
1544077 
1609614 
1544078 
1576847 
1544079 
1544080 
1544081 
1544083 
1544085 
1544087 
1544089 
1544124 
1544125 
1544127 
1544129 
1544131 
1544132 
1544133 
1544134 
1544135 
1544136 
1544137 
1544138 
1544139 
1544140 
1544141 
1544142 
1544143 
1544144 
1544146 
1544148 
1544150 
1609691 
1609694 
1609697 
1609700 
1609703 
1544186 
1544188 
1544190 
1544191 
1544192 
1544193 
1544194 
1544195 
1544196 
1544197 
1544198 
1544199 
1544200 
1544201 
1544202 
1544203 
1544204 
1544205 
1544207 
1544209 
1609780 
1609783 
1544247 
1544249 
1609786 
1544251 
1544252 
1609789 
1544253 
1544254 
1544255 
1609792 
1544256 
1544257 
1544258 
1544259 
1544260 
1544261 
1544262 
1544263 
1544264 
1544266 
1544268 
1544308 
1544310 
1544311 
1544312 
1544313 
1544314 
1544315 
1544316 
1544317 
1544318 
1544319 
1544320 
1544321 
1544322 
1544323 
1544325 
1544327 
1609875 
1609878 
1544367 
1544369 
1544371 
1544372 
1544373 
1544374 
1544375 
1544376 
1544377 
1544378 
1544379 
1544380 
1544381 
1544382 
1544384 
1544386 
1544428 
1544430 
1544432 
1544433 
1544434 
1544435 
1544436 
1544437 
1544438 
1544439 
1544440 
1544441 
1544443 
1577220 
1577221 
1577223 
1577225 
1577227 
1544489 
1544491 
1544493 
1544495 
1544497 
1577279 
1577281 
1577284 
1577287 
1577290 
1577292 
1577293 
1577295 
1577296 
1577298 
1577299 
1577301 
1577302 
1577305 
1544550 
1544552 
1577370 
1577373 
1577376 
1577379 
1577381 
1577382 
1577384 
1577385 
1577387 
1577388 
1577390 
1577391 
1577393 
1577394 
1577396 
1577397 
1577400 
1577403 
1577459 
1577462 
1577465 
1577468 
1577471 
1577473 
1577474 
1577476 
1577477 
1577479 
1577480 
1577482 
1577483 
1577485 
1577486 
1577488 
1577489 
1577492 
1577495 
1577498 
1577548 
1577549 
1577551 
1577552 
1577554 
1577557 
1577560 
1577563 
1577565 
1577566 
1577568 
1577569 
1577571 
1577572 
1577574 
1577575 
1577577 
1577578 
1577580 
1577581 
1577584 
1577587 
1577590 
1577637 
1577640 
1577641 
1577643 
1577644 
1577646 
1577649 
1577652 
1577655 
1577657 
1577658 
1577660 
1577661 
1577663 
1577664 
1577666 
1577667 
1577669 
1577670 
1577673 
1577676 
1577679 
1577682 
1577729 
1577730 
1577732 
1577733 
1577735 
1577736 
1577738 
1577741 
1577744 
1577747 
1577749 
1577750 
1577752 
1577753 
1577755 
1577756 
1577758 
1577759 
1577761 
1577762 
1577765 
1577768 
1577771 
1577774 
1577818 
1577821 
1577822 
1577824 
1577825 
1577827 
1577830 
1577833 
1577836 
1577838 
1577839 
1577841 
1577842 
1577844 
1577845 
1577847 
1577848 
1577850 
1577851 
1577854 
1577857 
1577860 
1577863 
1577907 
1577910 
1577913 
1577914 
1577916 
1577917 
1577919 
1577922 
1577925 
1577928 
1577931 
1577933 
1577934 
1577936 
1577937 
1577940 
1577943 
1577946 
1577949 
1577952 
1577996 
1577999 
1578002 
1578005 
1578008 
1578011 
1578014 
1578017 
1578020 
1578023 
1578026 
1578029 
1578032 
1578035 
1578038 
1578041 
1578088 
1578091 
1578094 
1578097 
1578100 
1578103 
1578106 
1578109 
1578112 
1578115 
1578118 
1578121 
1578124 
1578127 
1578130 
1578177 
1578180 
1578183 
1578186 
1578189 
1578192 
1578195 
1578198 
1578201 
1578204 
1578207 
1578210 
1578213 
1578216 
1578219 
1578266 
1578269 
1578272 
1578275 
1578278 
1578281 
1578284 
1578287 
1578290 
1578293 
1578296 
1578299 
1578302 
1578305 
1578308 
1545540 
1545541 
1545542 
1545543 
1545544 
1545545 
1545546 
1545547 
1545548 
1545549 
1545550 
1545551 
1545552 
1545554 
1578358 
1578361 
1578364 
1578367 
1545599 
1545600 
1545601 
1578370 
1545602 
1545603 
1545604 
1578373 
1545606 
1545607 
1578376 
1545609 
1545610 
1578379 
1545612 
1545613 
1578382 
1545615 
1545616 
1578385 
1545618 
1545619 
1578388 
1545621 
1578391 
1545624 
1578394 
1578450 
1578453 
1578456 
1545688 
1545689 
1545690 
1578459 
1545691 
1545693 
1578462 
1545694 
1545695 
1545696 
1578465 
1545698 
1545699 
1578468 
1545701 
1545702 
1578471 
1545704 
1545705 
1578474 
1545707 
1545708 
1578477 
1545710 
1545711 
1578480 
1545713 
1545714 
1578483 
1545716 
1578542 
1578545 
1545777 
1545778 
1545779 
1578548 
1545780 
1545782 
1578551 
1545783 
1545785 
1578554 
1545786 
1545787 
1545788 
1578557 
1545789 
1545790 
1545791 
1578560 
1545793 
1545794 
1578563 
1545796 
1545797 
1578566 
1545799 
1545800 
1578569 
1545802 
1545803 
1545805 
1545806 
1545808 
1578634 
1545866 
1545867 
1545868 
1578637 
1545869 
1545871 
1578640 
1545872 
1545874 
1578643 
1545875 
1545876 
1545877 
1578646 
1545878 
1545879 
1545880 
1578649 
1545881 
1545882 
1545883 
1578652 
1545884 
1545885 
1545886 
1545888 
1545889 
1545891 
1545892 
1545894 
1545895 
1545897 
1545898 
1545900 
1545955 
1545956 
1545957 
1545958 
1545960 
1545961 
1545963 
1545964 
1545966 
1545967 
1545968 
1545969 
1545970 
1545971 
1545972 
1545973 
1545974 
1545975 
1545976 
1545977 
1545978 
1545979 
1545980 
1545981 
1545983 
1545984 
1545986 
1545987 
1545989 
1545990 
1545992 
1546044 
1546045 
1546046 
1546047 
1546049 
1546050 
1546052 
1546053 
1546055 
1546056 
1546057 
1546058 
1546059 
1546060 
1546061 
1546062 
1546063 
1546064 
1546065 
1546066 
1546067 
1546068 
1546069 
1546070 
1546071 
1546072 
1546073 
1546074 
1546075 
1546076 
1546078 
1546079 
1546081 
1546082 
1546084 
1546135 
1546136 
1546138 
1546139 
1546141 
1546142 
1546144 
1546145 
1546147 
1546148 
1546149 
1546150 
1546151 
1546152 
1546153 
1546154 
1546155 
1546156 
1546157 
1546158 
1546159 
1546160 
1546161 
1546162 
1546163 
1546164 
1546165 
1546166 
1546167 
1546168 
1546170 
1546171 
1546173 
1546176 
1546227 
1546228 
1546230 
1546231 
1546233 
1546234 
1546236 
1546237 
1546238 
1546239 
1546240 
1546241 
1546242 
1546243 
1546244 
1546245 
1546246 
1546247 
1546248 
1546249 
1546250 
1546251 
1546252 
1546253 
1546254 
1546255 
1546256 
1546257 
1546259 
1546260 
1546262 
1546263 
1546265 
1546319 
1546322 
1546323 
1546325 
1546326 
1546328 
1546329 
1546330 
1546331 
1546332 
1546333 
1546334 
1546335 
1546336 
1546337 
1546338 
1546339 
1546340 
1546341 
1546342 
1546343 
1546344 
1546345 
1546346 
1546348 
1546349 
1546351 
1546352 
1546411 
1546414 
1546415 
1546417 
1546418 
1546419 
1546420 
1546421 
1546422 
1546423 
1546424 
1546425 
1546426 
1546427 
1546428 
1546429 
1546430 
1546431 
1546432 
1546433 
1546434 
1546435 
1546437 
1546438 
1546440 
1546503 
1546504 
1546506 
1546507 
1546509 
1546510 
1546511 
1546512 
1546513 
1546514 
1546515 
1546516 
1546517 
1546518 
1546519 
1546520 
1546521 
1546522 
1546523 
1546524 
1546526 
1546527 
1579310 
1546595 
1546596 
1546598 
1546599 
1546601 
1546602 
1546604 
1546605 
1546607 
1546608 
1546610 
1546613 
1874297 
1579395 
1546687 
1546688 
1546690 
1546691 
1546693 
1546694 
1546696 
1546699 
1874385 
1874386 
1874388 
1579487 
1874474 
1874475 
1874477 
1874480 
1874563 
1874564 
1874566 
1874569 
1874652 
1874653 
1874655 
1874658 
2005741 
1874741 
1874742 
1874744 
1874747 
2005830 
1579860 
1579861 
1874830 
1874831 
1579919 
1874833 
1579921 
1874836 
1579924 
1579927 
1579930 
2005916 
1579932 
1579933 
2005919 
1579935 
1579936 
1579938 
1579939 
1579942 
1874919 
1874920 
1874922 
1580010 
1874925 
1580013 
1580016 
1580019 
2006005 
1580021 
1580022 
2006008 
1580024 
1580025 
1580027 
1580028 
1580030 
1580031 
1580033 
1580034 
1580036 
1580037 
1580040 
1875009 
1875011 
1580099 
1580102 
1580105 
1580108 
2006094 
1580111 
2006097 
1580113 
1580114 
1580116 
1580117 
1580119 
1580120 
1580122 
1580123 
1580125 
1580126 
1580128 
1580129 
1580132 
1580135 
1875098 
1875100 
1580188 
1580191 
1580192 
1580194 
1580197 
2006183 
1580200 
2006186 
1580203 
1580205 
1580206 
1580208 
1580209 
1580211 
1580212 
1580214 
1580215 
1580217 
1580218 
1580220 
1580221 
1580224 
1580227 
1580230 
1580280 
1580281 
1580283 
1580284 
1580286 
2006272 
1580289 
2006275 
1580292 
1580295 
1580297 
1580298 
1580300 
1580301 
1580303 
1580304 
1580306 
1580307 
1580309 
1580310 
1580313 
1580316 
1580319 
1580322 
1580369 
1580370 
1580372 
1580373 
1580375 
1580378 
2006364 
1580381 
1580384 
1580387 
1580389 
1580390 
1580392 
1580393 
1580395 
1580396 
1580398 
1580399 
1580402 
1580405 
1580408 
1580411 
1580458 
1580461 
1580462 
1580464 
1580465 
1580467 
1580470 
1580473 
1580476 
1580479 
1580481 
1580482 
1580484 
1580485 
1580487 
1580488 
1547722 
1580491 
1580494 
1580497 
1580500 
1580503 
1580547 
1580550 
1580553 
1580554 
1580556 
1580559 
1580562 
1580565 
1580568 
1580571 
1580574 
1580577 
1547810 
1547811 
1580580 
1547814 
1580583 
1580586 
1580589 
1580592 
1580636 
1580639 
1580642 
1580645 
1580648 
1580651 
1580654 
1580657 
1580660 
1580663 
1580666 
1547899 
1580669 
1580672 
1580675 
1580678 
1580681 
1580728 
1580731 
1580734 
1580737 
1580740 
1580743 
1580746 
1580749 
1580752 
1580755 
1580758 
1580761 
1580764 
1580767 
1580770 
1580817 
1580820 
1580823 
1580826 
1580829 
1580832 
1580835 
1580838 
1580841 
1580844 
1580847 
1580850 
1580853 
1580856 
1580859 
1580909 
1580912 
1580915 
1580918 
1580921 
1580924 
1580927 
1580930 
1580933 
1580936 
1580939 
1580942 
1580945 
1548180 
1548181 
1548182 
1548183 
1548184 
1548185 
1548186 
1548187 
1548188 
1548189 
1548190 
1548191 
1548192 
1548194 
1580998 
1581001 
1581004 
1581007 
1548239 
1548240 
1548241 
1581010 
1548242 
1548243 
1548244 
1581013 
1548246 
1548247 
1581016 
1548249 
1548250 
1581019 
1548252 
1548253 
1581022 
1548255 
1548256 
1581025 
1548258 
1548259 
1581028 
1548261 
1548262 
1581031 
1548264 
1548265 
1581034 
1581090 
1581093 
1581096 
1548328 
1548329 
1548330 
1581099 
1548331 
1548333 
1581102 
1548336 
1581105 
1548338 
1548339 
1581108 
1548341 
1548342 
1581111 
1548344 
1548345 
1581114 
1548347 
1548348 
1581117 
1548350 
1548351 
1581120 
1548353 
1548354 
1548356 
1548357 
1581182 
1581185 
1548417 
1548418 
1548419 
1581188 
1548420 
1548422 
1581191 
1548423 
1548425 
1581194 
1548426 
1548427 
1548428 
1581197 
1548430 
1548431 
1581200 
1548433 
1548434 
1581203 
1548436 
1548437 
1581206 
1548439 
1548440 
1548442 
1548443 
1548445 
1548446 
1548448 
1548449 
1581274 
1548506 
1548507 
1548508 
1581277 
1548509 
1548511 
1581280 
1548512 
1548514 
1581283 
1548515 
1548517 
1581286 
1548518 
1548519 
1548520 
1581289 
1548521 
1548522 
1548523 
1548524 
1548525 
1548526 
1548528 
1548529 
1548531 
1548532 
1548534 
1548535 
1548537 
1548538 
1548540 
1548541 
1548595 
1548596 
1548597 
1548598 
1548600 
1548601 
1548603 
1548604 
1548606 
1548607 
1548608 
1548609 
1548610 
1548611 
1548612 
1548613 
1548614 
1548615 
1548616 
1548617 
1548618 
1548619 
1548620 
1548621 
1548623 
1548624 
1548626 
1548627 
1548629 
1548630 
1548632 
1548633 
1548684 
1548685 
1548686 
1548687 
1548689 
1548690 
1548692 
1548693 
1548695 
1548696 
1548697 
1548698 
1548699 
1548700 
1548701 
1548702 
1548703 
1548704 
1548705 
1548706 
1548707 
1548708 
1548709 
1548710 
1548711 
1548712 
1548713 
1548715 
1548716 
1548718 
1548719 
1548721 
1548722 
1548724 
1548725 
1548775 
1548776 
1548778 
1548779 
1548781 
1548782 
1548784 
1548785 
1548787 
1548788 
1548789 
1548790 
1548791 
1548792 
1548793 
1548794 
1548795 
1548796 
1548797 
1548798 
1548799 
1548800 
1548801 
1548802 
1548803 
1548804 
1548805 
1548807 
1548808 
1548810 
1548811 
1548813 
1548814 
1548816 
1548864 
1548867 
1548868 
1548870 
1548871 
1548873 
1548874 
1548876 
1548877 
1548878 
1548879 
1548880 
1548881 
1548882 
1548883 
1548884 
1548885 
1548886 
1548887 
1548888 
1548889 
1548890 
1548891 
1548892 
1548893 
1548894 
1548895 
1548896 
1548897 
1548899 
1548900 
1548902 
1548903 
1548905 
1548956 
1548959 
1548960 
1548962 
1548963 
1548965 
1548966 
1548968 
1548969 
1548970 
1548971 
1548972 
1548973 
1548974 
1548975 
1548976 
1548977 
1548978 
1548979 
1548980 
1548981 
1548982 
1548983 
1548984 
1548985 
1548986 
1548988 
1548989 
1548991 
1548992 
1548994 
1549048 
1549051 
1549054 
1549055 
1549057 
1549058 
1549059 
1549060 
1549061 
1549062 
1549063 
1549064 
1549065 
1549066 
1549067 
1549068 
1549069 
1549070 
1549071 
1549072 
1549073 
1549074 
1549075 
1549077 
1549078 
1549080 
1549081 
1549140 
1549143 
1549144 
1549146 
1549147 
1549149 
1549150 
1549151 
1549152 
1549153 
1549154 
1549155 
1549156 
1549157 
1549158 
1549159 
1549160 
1549161 
1549162 
1549163 
1549164 
1549166 
1549167 
1549170 
1549232 
1549235 
1549236 
1549238 
1549239 
1549241 
1549242 
1549244 
1549245 
1549247 
1549248 
1549250 
1549253 
1549256 
1549259 
1582035 
1549324 
1549327 
1549328 
1549330 
1549331 
1549333 
1549334 
1549336 
1549339 
1549342 
1549345 
1549419 
1549422 
1549425 
1549428 
1582500 
1582501 
1582567 
1582570 
1582573 
1582575 
1582576 
1582579 
1582653 
1582656 
1582659 
1582661 
1582662 
1582664 
1582665 
1582667 
1582668 
1582670 
1582671 
1582673 
1582674 
1582677 
1582680 
1582742 
1582745 
1582748 
1582751 
1582753 
1582754 
1582756 
1582757 
1582759 
1582760 
1582762 
1582763 
1582765 
1582766 
1582768 
1582769 
1582772 
1582775 
1582828 
1582831 
1582834 
1582837 
1582840 
1582843 
1582845 
1582846 
1582848 
1582849 
1582851 
1582852 
1582854 
1582855 
1582857 
1582858 
1582861 
1582864 
1582867 
1582870 
1582920 
1582921 
1582923 
1582926 
1582929 
1582932 
1582935 
1582937 
1582938 
1582940 
1582941 
1582943 
1582944 
1582946 
1582947 
1582949 
1582950 
1582953 
1582956 
1582959 
1582962 
1583009 
1583012 
1583013 
1583015 
1583018 
1583021 
1583024 
1583027 
1583029 
1583030 
1583032 
1583033 
1550266 
1583035 
1550267 
1583036 
1583038 
1550270 
1583039 
1550273 
1583042 
1583045 
1583048 
1583051 
1583098 
1583101 
1583102 
1583104 
1583105 
1583107 
1583110 
1583113 
1583116 
1583119 
1583122 
1550355 
1583125 
1550358 
1550359 
1583128 
1550362 
1583131 
1550365 
1583134 
1583137 
1583140 
1583187 
1583190 
1583193 
1583196 
1583199 
1583202 
1583205 
1583208 
1583211 
1550444 
1583214 
1550447 
1583217 
1550450 
1550451 
1583220 
1550454 
1583223 
1583226 
1583229 
1583232 
1583279 
1583282 
1583285 
1583288 
1583291 
1583294 
1583297 
1583300 
1583303 
1550536 
1583306 
1550539 
1583309 
1550542 
1550543 
1583312 
1550546 
1583315 
1583318 
1583321 
1583368 
1583371 
1583374 
1583377 
1583380 
1583383 
1583386 
1583389 
1583392 
1583395 
1583398 
1550631 
1583401 
1583404 
1583407 
1583410 
1583457 
1583460 
1583463 
1583466 
1583469 
1583472 
1583475 
1583478 
1583481 
1583484 
1583487 
1583490 
1583493 
1583496 
1583549 
1583552 
1583555 
1583558 
1583561 
1583564 
1583567 
1583570 
1583573 
1583576 
1583579 
1583582 
1583585 
1550820 
1550821 
1550822 
1550823 
1550824 
1550825 
1550826 
1550827 
1550828 
1550829 
1550830 
1550831 
1550832 
1550834 
1583638 
1583641 
1583644 
1583647 
1550879 
1550880 
1550881 
1583650 
1550884 
1583653 
1550886 
1550887 
1583656 
1550889 
1550890 
1583659 
1550892 
1550893 
1583662 
1550895 
1550896 
1583665 
1550898 
1550899 
1583668 
1550901 
1550902 
1583671 
1550904 
1550905 
1550907 
1583730 
1583733 
1583736 
1550968 
1550969 
1550970 
1583739 
1550971 
1550973 
1583742 
1550976 
1583745 
1550978 
1550979 
1583748 
1550981 
1550982 
1583751 
1550984 
1550985 
1583754 
1550987 
1550988 
1583757 
1550990 
1550991 
1583760 
1550993 
1550994 
1550996 
1550997 
1550999 
1551000 
1583822 
1583825 
1551057 
1551058 
1551059 
1583828 
1551060 
1551062 
1583831 
1551063 
1551065 
1583834 
1551067 
1551068 
1583837 
1551070 
1551071 
1583840 
1551073 
1551074 
1583843 
1551076 
1551077 
1551079 
1551080 
1551082 
1551083 
1551085 
1551086 
1551088 
1551089 
1551091 
1551092 
1551095 
1551146 
1551147 
1551148 
1583917 
1551149 
1551151 
1583920 
1551152 
1551154 
1583923 
1551155 
1551157 
1583926 
1551158 
1551159 
1551160 
1551161 
1551162 
1551163 
1551165 
1551166 
1551168 
1551169 
1551171 
1551172 
1551174 
1551175 
1551177 
1551178 
1551180 
1551181 
1551184 
1551187 
1551235 
1551236 
1551237 
1551238 
1551240 
1551241 
1551243 
1551244 
1551246 
1551247 
1551248 
1551249 
1551250 
1551251 
1551252 
1551253 
1551254 
1551255 
1551256 
1551257 
1551258 
1551260 
1551261 
1551263 
1551264 
1551266 
1551267 
1551269 
1551270 
1551272 
1551273 
1551275 
1551276 
1551279 
1551325 
1551326 
1551327 
1551329 
1551330 
1551332 
1551333 
1551335 
1551336 
1551337 
1551338 
1551339 
1551340 
1551341 
1551342 
1551343 
1551344 
1551345 
1551346 
1551347 
1551348 
1551349 
1551350 
1551351 
1551352 
1551353 
1551355 
1551356 
1551358 
1551359 
1551361 
1551362 
1551364 
1551365 
1551368 
1551415 
1551416 
1551418 
1551419 
1551421 
1551422 
1551424 
1551425 
1551427 
1551428 
1551429 
1551430 
1551431 
1551432 
1551433 
1551434 
1551435 
1551436 
1551437 
1551438 
1551439 
1551440 
1551441 
1551442 
1551443 
1551444 
1551445 
1551447 
1551448 
1551450 
1551451 
1551453 
1551454 
1551456 
1551457 
1551460 
1551504 
1551507 
1551508 
1551510 
1551511 
1551513 
1551514 
1551516 
1551517 
1551518 
1551519 
1551520 
1551521 
1551522 
1551523 
1551524 
1551525 
1551526 
1551527 
1551528 
1551529 
1551530 
1551531 
1551532 
1551533 
1551534 
1551535 
1551536 
1551537 
1551539 
1551540 
1551542 
1551543 
1551545 
1551546 
1551549 
1551596 
1551599 
1551600 
1551602 
1551603 
1551605 
1551606 
1551608 
1551609 
1551610 
1551611 
1551612 
1551613 
1551614 
1551615 
1551616 
1551617 
1551618 
1551619 
1551620 
1551621 
1551622 
1551623 
1551624 
1551625 
1551626 
1551628 
1551629 
1551631 
1551632 
1551634 
1551635 
1551638 
1551685 
1551688 
1551691 
1551694 
1551695 
1551697 
1551698 
1551699 
1551700 
1551701 
1551702 
1551703 
1551704 
1551705 
1551706 
1551707 
1551708 
1551709 
1551710 
1551711 
1551712 
1551713 
1551714 
1551715 
1551717 
1551718 
1551720 
1551721 
1551724 
1551727 
1551777 
1551780 
1551783 
1551786 
1551787 
1551789 
1551790 
1551791 
1551792 
1551793 
1551794 
1551795 
1551796 
1551797 
1551798 
1551799 
1551800 
1551801 
1551802 
1551803 
1551804 
1551806 
1551807 
1551809 
1551810 
1551813 
1551816 
1551866 
1551869 
1879550 
1551872 
1879553 
1551875 
1551878 
1551879 
1551881 
1551882 
1551884 
1551885 
1551887 
1551888 
1551890 
1551893 
1551896 
1551899 
1551902 
1551905 
1879637 
1551958 
1879639 
1551961 
1879642 
1551964 
1879645 
1551967 
1551970 
1551971 
1551973 
1551974 
1551976 
1551979 
1551982 
1551985 
1551988 
1551991 
1879725 
1879726 
1879728 
1552050 
1879731 
1552053 
1879734 
1552056 
1879737 
1552059 
1552062 
1552065 
1552068 
1552071 
1552074 
1552077 
1552080 
1879814 
1879815 
1879816 
1879817 
1879820 
1879823 
1552145 
1879826 
1552148 
1879829 
1552151 
1552154 
1552157 
1552160 
1552163 
1879903 
1879904 
1879905 
1879906 
1879909 
1879912 
1879915 
1879918 
2010992 
1879992 
1879993 
1879995 
1879998 
1880001 
1880004 
1880007 
2011081 
2011084 
1585140 
1880081 
1880082 
1880084 
1880087 
1880090 
1880093 
2011167 
1880096 
2011170 
2011173 
1585207 
1585210 
1585213 
1880171 
1880173 
1880176 
1880179 
1880182 
2011256 
1880185 
2011259 
2011262 
1585293 
1585296 
1585299 
1585302 
1585304 
1585305 
1585307 
1585308 
1585310 
1585311 
1585313 
1585314 
1585317 
1585320 
1880260 
1880262 
1880265 
1880268 
1880271 
2011345 
2011348 
2011351 
1585382 
1585385 
1585388 
1585391 
1585393 
1585394 
1585396 
1585397 
1585399 
1585400 
1585402 
1585403 
1585405 
1585406 
1585409 
1585412 
1585415 
1880351 
1880354 
1880357 
2011434 
2011437 
2011440 
1585471 
1585474 
1585477 
1585480 
1585483 
1585485 
1585486 
1585488 
1585489 
1585491 
1585492 
1585494 
1552726 
1585495 
1585497 
1552729 
1585498 
1585501 
1585504 
1585507 
2011523 
2011526 
2011529 
1585560 
1585563 
1585566 
1585569 
1585572 
1585575 
1585578 
1552811 
1585580 
1585581 
1552814 
1585583 
1552815 
1585584 
1552817 
1585586 
1552818 
1585587 
1552821 
1585590 
1585593 
1585596 
1585599 
2011615 
1585649 
1585652 
1585653 
1585655 
1585658 
1585661 
1585664 
1585667 
1552900 
1585670 
1552903 
1585672 
1552904 
1585673 
1552906 
1585675 
1552907 
1585676 
1552909 
1552910 
1585679 
1552913 
1585682 
1585685 
1585688 
1585691 
2011704 
1585738 
1585741 
1585744 
1585747 
1585750 
1585753 
1585756 
1585759 
1552992 
1585762 
1552995 
1552996 
1585765 
1552998 
1552999 
1585768 
1553001 
1553002 
1585771 
1553005 
1585774 
1585777 
1585780 
1585827 
1585830 
1585833 
1585836 
1585839 
1585842 
1585845 
1585848 
1585851 
1553084 
1585854 
1553087 
1553088 
1585857 
1553090 
1553091 
1585860 
1553094 
1585863 
1585866 
1585869 
1585919 
1585922 
1585925 
1585928 
1585931 
1585934 
1585937 
1585940 
1585943 
1553176 
1585946 
1553179 
1585949 
1553182 
1553183 
1585952 
1553186 
1585955 
1585958 
1586008 
1586011 
1586014 
1586017 
1586020 
1586023 
1586026 
1586029 
1586032 
1586035 
1586038 
1553271 
1586041 
1586044 
1586047 
1586097 
1586100 
1586103 
1586106 
1586109 
1586112 
1586115 
1586118 
1586121 
1586124 
1586127 
1586130 
1586133 
1586136 
1586189 
1586192 
1586195 
1586198 
1586201 
1586204 
1586207 
1586210 
1586213 
1586216 
1586219 
1586222 
1586225 
1553460 
1553461 
1553462 
1553463 
1553464 
1553465 
1553466 
1553467 
1553468 
1553469 
1553470 
1553471 
1553472 
1553474 
1586278 
1586281 
1586284 
1586287 
1553519 
1553520 
1553521 
1586290 
1553524 
1586293 
1553526 
1553527 
1586296 
1553529 
1553530 
1586299 
1553532 
1553533 
1586302 
1553535 
1553536 
1586305 
1553538 
1553539 
1586308 
1553541 
1553542 
1586311 
1553544 
1553545 
1553547 
1553548 
1586370 
1586373 
1586376 
1553608 
1553609 
1553610 
1586379 
1553611 
1553613 
1586382 
1553616 
1586385 
1553618 
1553619 
1586388 
1553621 
1553622 
1586391 
1553624 
1553625 
1586394 
1553627 
1553628 
1586397 
1553630 
1553631 
1553633 
1553634 
1553636 
1553637 
1553639 
1553640 
1553643 
1586465 
1553697 
1553698 
1553699 
1586468 
1553700 
1553702 
1586471 
1553703 
1553705 
1586474 
1553708 
1586477 
1553710 
1553711 
1586480 
1553713 
1553714 
1586483 
1553716 
1553717 
1553719 
1553720 
1553722 
1553723 
1553725 
1553726 
1553728 
1553729 
1553731 
1553732 
1553735 
1553738 
1553786 
1553787 
1553788 
1553789 
1553791 
1553792 
1553794 
1553795 
1553797 
1553798 
1553799 
1553800 
1553801 
1553802 
1553803 
1553805 
1553806 
1553808 
1553809 
1553811 
1553812 
1553814 
1553815 
1553817 
1553818 
1553820 
1553821 
1553823 
1553824 
1553827 
1553830 
1553875 
1553876 
1553877 
1553878 
1553880 
1553881 
1553883 
1553884 
1553886 
1553887 
1553888 
1553889 
1553890 
1553891 
1553892 
1553893 
1553894 
1553895 
1553896 
1553897 
1553898 
1553900 
1553901 
1553903 
1553904 
1553906 
1553907 
1553909 
1553910 
1553912 
1553913 
1553915 
1553916 
1553919 
1553922 
1553966 
1553967 
1553969 
1553970 
1553972 
1553973 
1553975 
1553976 
1553978 
1553979 
1553980 
1553981 
1553982 
1553983 
1553984 
1553985 
1553986 
1553987 
1553988 
1553989 
1553990 
1553991 
1553992 
1553993 
1553995 
1553996 
1553998 
1553999 
1554001 
1554002 
1554004 
1554005 
1554008 
1554011 
1554014 
1554055 
1554056 
1554058 
1554059 
1554061 
1554062 
1554064 
1554065 
1554067 
1554068 
1554069 
1554070 
1554071 
1554072 
1554073 
1554074 
1554075 
1554076 
1554077 
1554078 
1554079 
1554080 
1554081 
1554082 
1554083 
1554084 
1554085 
1554087 
1554088 
1554090 
1554091 
1554093 
1554094 
1554096 
1554097 
1554100 
1554103 
1554106 
1554144 
1554147 
1554148 
1554150 
1554151 
1554153 
1554154 
1554156 
1554157 
1554159 
1554160 
1554161 
1554162 
1554163 
1554164 
1554165 
1554166 
1554167 
1554168 
1554169 
1554170 
1554171 
1554172 
1554173 
1554174 
1554176 
1554177 
1554179 
1554180 
1554182 
1554183 
1554185 
1554186 
1554189 
1554192 
1554195 
1554236 
1554239 
1554240 
1554242 
1554243 
1554245 
1554246 
1554248 
1554249 
1554250 
1554251 
1554252 
1554253 
1554254 
1554255 
1554256 
1554257 
1554258 
1554259 
1554260 
1554261 
1554262 
1554263 
1554264 
1554265 
1554266 
1554268 
1554269 
1554271 
1554272 
1554274 
1554275 
1554278 
1554281 
1554284 
1554325 
1554328 
1554331 
1554334 
1554335 
1554337 
1554338 
1554340 
1554341 
1554342 
1554343 
1554344 
1554345 
1554346 
1554347 
1554348 
1554349 
1554350 
1554351 
1554352 
1554353 
1554354 
1554355 
1554357 
1554358 
1554360 
1554361 
1554364 
1554367 
1554370 
1554373 
1554414 
1554417 
1554420 
1554423 
1554426 
1554427 
1554429 
1554430 
1554432 
1554433 
1554434 
1554435 
1554436 
1554437 
1554438 
1554439 
1554440 
1554441 
1554443 
1554444 
1554446 
1554447 
1554449 
1554450 
1554453 
1554456 
1554459 
1554462 
1554506 
1554509 
1554512 
1554515 
1554518 
1554519 
1554521 
1554522 
1554524 
1554525 
1554527 
1554528 
1554530 
1554533 
1554536 
1554539 
1554542 
1554545 
1554548 
1554551 
1554595 
1554598 
1554601 
1554604 
1554607 
1554610 
1554611 
1554613 
1554614 
1554616 
1554619 
1554622 
1554625 
1554628 
1554631 
1554634 
1554637 
1554640 
1554687 
1554690 
1554693 
1554696 
1554699 
1554702 
1554705 
1554708 
1554711 
1554714 
1554717 
1554720 
1554723 
1554726 
1554779 
1554782 
1554785 
1554788 
1554791 
1554794 
1554797 
1554800 
1554803 
1554806 
1554809 
1554812 
1554815 
1554871 
1554874 
1554877 
1554880 
1554883 
1554886 
1554889 
1554892 
1554895 
1554898 
1554901 
1554904 
1554966 
1554969 
1554972 
1554975 
1554978 
1554981 
1554984 
1554987 
1587780 
1587850 
1587933 
1587936 
1587939 
1587942 
1587944 
1587945 
1587947 
1587948 
1587950 
1587951 
1587954 
1587957 
1588022 
1588025 
1588028 
1588031 
1588033 
1588034 
1588036 
1588037 
1588039 
1588040 
1588042 
1555274 
1588043 
1588045 
1555277 
1588046 
1555280 
1588049 
1588052 
1588111 
1588114 
1588117 
1588120 
1588123 
1588125 
1588126 
1588128 
1588129 
1555362 
1588131 
1555363 
1588132 
1588134 
1555366 
1588135 
1588137 
1555369 
1588138 
1555372 
1588141 
1588144 
1588147 
1588200 
1588203 
1588206 
1588209 
1588212 
1588215 
1555448 
1588218 
1555451 
1588220 
1555452 
1588221 
1555454 
1588223 
1555455 
1588224 
1555457 
1588226 
1555458 
1588227 
1555461 
1588230 
1555464 
1588233 
1588236 
1588239 
1588289 
1588292 
1588295 
1588298 
1588301 
1588304 
1588307 
1555540 
1588310 
1555543 
1555544 
1588313 
1555546 
1555547 
1588316 
1555549 
1555550 
1588319 
1555553 
1588322 
1588325 
1588328 
1588378 
1588381 
1588384 
1588387 
1588390 
1588393 
1588396 
1555629 
1588399 
1555632 
1588402 
1555635 
1555636 
1588405 
1555638 
1555639 
1588408 
1555641 
1555642 
1588411 
1555645 
1588414 
1588417 
1588420 
1588470 
1588473 
1588476 
1588479 
1588482 
1588485 
1588488 
1588491 
1555724 
1588494 
1555727 
1555728 
1588497 
1555730 
1555731 
1588500 
1555734 
1588503 
1588506 
1588509 
1588559 
1588562 
1588565 
1588568 
1588571 
1588574 
1588577 
1588580 
1588583 
1555816 
1588586 
1555819 
1588589 
1555822 
1555823 
1588592 
1555826 
1588595 
1588598 
1588648 
1588651 
1588654 
1588657 
1588660 
1588663 
1588666 
1588669 
1588672 
1588675 
1588678 
1555911 
1588681 
1588684 
1588687 
1588740 
1588743 
1588746 
1588749 
1588752 
1588755 
1588758 
1588761 
1588764 
1588767 
1588770 
1588773 
1588776 
1588829 
1588832 
1588835 
1588838 
1588841 
1588844 
1588847 
1588850 
1588853 
1588856 
1588859 
1588862 
1556100 
1556101 
1556102 
1556103 
1556104 
1556105 
1556106 
1556107 
1556108 
1556109 
1556110 
1556111 
1556112 
1556113 
1556114 
1588921 
1588924 
1588927 
1556159 
1556160 
1556161 
1588930 
1556164 
1588933 
1556166 
1556167 
1588936 
1556169 
1556170 
1588939 
1556172 
1556173 
1588942 
1556175 
1556176 
1588945 
1556178 
1556179 
1588948 
1556181 
1556182 
1588951 
1556184 
1556185 
1556187 
1556188 
1589013 
1589016 
1556248 
1556249 
1556250 
1589019 
1556251 
1556253 
1589022 
1556256 
1589025 
1556258 
1556259 
1589028 
1556261 
1556262 
1589031 
1556264 
1556265 
1589034 
1556267 
1556268 
1589037 
1556270 
1556271 
1556273 
1556274 
1556276 
1556277 
1556279 
1556280 
1556283 
1589105 
1556337 
1556338 
1556339 
1589108 
1556340 
1556342 
1589111 
1556343 
1556345 
1589114 
1556348 
1589117 
1556350 
1556351 
1589120 
1556353 
1556354 
1556356 
1556357 
1556359 
1556360 
1556362 
1556363 
1556365 
1556366 
1556368 
1556369 
1556371 
1556372 
1556375 
1556378 
1556426 
1556427 
1556428 
1556429 
1556431 
1556432 
1556434 
1556435 
1556437 
1556438 
1556439 
1556440 
1556442 
1556443 
1556445 
1556446 
1556448 
1556449 
1556451 
1556452 
1556454 
1556455 
1556457 
1556458 
1556460 
1556461 
1556463 
1556464 
1556467 
1556470 
1556473 
1556515 
1556516 
1556517 
1556518 
1556520 
1556521 
1556523 
1556524 
1556526 
1556527 
1556529 
1556530 
1556531 
1556532 
1556533 
1556534 
1556535 
1556537 
1556538 
1556540 
1556541 
1556543 
1556544 
1556546 
1556547 
1556549 
1556550 
1556552 
1556553 
1556555 
1556556 
1556559 
1556562 
1556565 
1556606 
1556607 
1556609 
1556610 
1556612 
1556613 
1556615 
1556616 
1556618 
1556619 
1556620 
1556621 
1556622 
1556623 
1556624 
1556625 
1556626 
1556627 
1556628 
1556629 
1556630 
1556632 
1556633 
1556635 
1556636 
1556638 
1556639 
1556641 
1556642 
1556644 
1556645 
1556648 
1556651 
1556654 
1556657 
1556695 
1556696 
1556698 
1556699 
1556701 
1556702 
1556704 
1556705 
1556707 
1556708 
1556709 
1556710 
1556711 
1556712 
1556713 
1556714 
1556715 
1556716 
1556717 
1556718 
1556719 
1556720 
1556721 
1556722 
1556724 
1556725 
1556727 
1556728 
1556730 
1556731 
1556733 
1556734 
1556736 
1556737 
1556740 
1556743 
1556746 
1556749 
1556784 
1556787 
1556788 
1556790 
1556791 
1556793 
1556794 
1556796 
1556797 
1556799 
1556800 
1556801 
1556802 
1556803 
1556804 
1556805 
1556806 
1556807 
1556808 
1556809 
1556810 
1556811 
1556812 
1556813 
1556814 
1556816 
1556817 
1556819 
1556820 
1556822 
1556823 
1556825 
1556826 
1556829 
1556832 
1556835 
1556838 
1556876 
1556879 
1556880 
1556882 
1556883 
1556885 
1556886 
1556888 
1556889 
1556890 
1556891 
1556892 
1556893 
1556894 
1556895 
1556896 
1556897 
1556898 
1556899 
1556900 
1556901 
1556902 
1556903 
1556905 
1556906 
1556908 
1556909 
1556911 
1556912 
1556914 
1556915 
1556918 
1556921 
1556924 
1556927 
1556965 
1556968 
1556971 
1556974 
1556975 
1556977 
1556978 
1556980 
1556981 
1556982 
1556983 
1556984 
1556985 
1556986 
1556987 
1556988 
1556989 
1556990 
1556991 
1556992 
1556994 
1556995 
1556997 
1556998 
1557000 
1557001 
1557004 
1557007 
1557010 
1557013 
1557016 
1557054 
1557057 
1557060 
1557063 
1557066 
1557067 
1557069 
1557070 
1557072 
1557073 
1557074 
1557075 
1557076 
1557077 
1557078 
1557079 
1557080 
1557081 
1557083 
1557084 
1557086 
1557087 
1557090 
1557093 
1557096 
1557099 
1557102 
1557105 
1557146 
1557149 
1557152 
1557155 
1557158 
1557159 
1557161 
1557162 
1557164 
1557165 
1557167 
1557170 
1557173 
1557176 
1557179 
1557182 
1557185 
1557188 
1557191 
1557194 
1884893 
1557235 
1557238 
1557241 
1557244 
1557247 
1557250 
1557253 
1557256 
1557259 
1557262 
1557265 
1557268 
1557271 
1557274 
1557277 
1557280 
1557283 
1884979 
1884982 
1884985 
1884988 
1884990 
1557327 
1557330 
1557333 
1557336 
1557339 
1557342 
1557345 
1557348 
1557351 
1557354 
1557357 
1557360 
1557363 
1557366 
1557369 
1557372 
1885068 
1885071 
1885073 
1885074 
1885076 
1885077 
1885079 
1885080 
1557419 
1557422 
1557425 
1557428 
1557431 
1557434 
1557437 
1557440 
1557443 
1557446 
1557449 
1557452 
1557455 
1557458 
1885157 
1885160 
1885162 
1885163 
1885165 
1885166 
1885168 
1885169 
2016243 
1885172 
2016246 
1557508 
1557511 
1557514 
1557517 
1557520 
1557523 
1557526 
1557529 
1557532 
1557535 
1557538 
1557541 
1557544 
1557547 
1885246 
1885249 
1885252 
1885255 
1885257 
1885258 
2016332 
1885261 
2016335 
1557600 
1557603 
1557606 
1557609 
1557612 
1557615 
1557618 
1557621 
1557624 
1557627 
1557630 
1557633 
1557636 
1590420 
1885335 
1885338 
1885341 
1885344 
1885347 
2016421 
1885350 
2016424 
1557695 
1557698 
1557701 
1557704 
1557707 
1557710 
1557713 
1557716 
1557719 
1885424 
1885427 
1885430 
1885433 
2016507 
1885436 
2016510 
2016513 
1590573 
1590576 
1590579 
1590582 
1590584 
1590585 
1590587 
1590588 
1590591 
1590594 
1885516 
1885519 
1885522 
2016596 
2016599 
2016602 
1590662 
1590665 
1590668 
1590671 
1590674 
1590676 
1590677 
1590679 
1590680 
1590682 
1557914 
1590683 
1557917 
1590686 
1557920 
1590689 
1590692 
2016688 
2016691 
1590751 
1590754 
1590757 
1590760 
1590763 
1590766 
1557999 
1590768 
1590769 
1558002 
1590771 
1558003 
1590772 
1590774 
1558006 
1590775 
1558009 
1590778 
1558012 
1590781 
1590784 
2016777 
2016780 
1590840 
1590843 
1590846 
1590849 
1590852 
1590855 
1558088 
1590858 
1558091 
1558092 
1590861 
1558094 
1558095 
1590864 
1558097 
1558098 
1590867 
1558101 
1590870 
1558104 
1590873 
1590876 
2016866 
2016869 
1590929 
1590932 
1590935 
1590938 
1590941 
1590944 
1558177 
1590947 
1558180 
1590950 
1558183 
1558184 
1590953 
1558186 
1558187 
1590956 
1558189 
1558190 
1590959 
1558193 
1590962 
1590965 
1590968 
2016955 
1591021 
1591024 
1591027 
1591030 
1591033 
1591036 
1558269 
1591039 
1558272 
1591042 
1558275 
1558276 
1591045 
1558278 
1558279 
1591048 
1558281 
1558282 
1591051 
1558285 
1591054 
1591057 
1591110 
1591113 
1591116 
1591119 
1591122 
1591125 
1591128 
1591131 
1558364 
1591134 
1558367 
1558368 
1591137 
1558370 
1558371 
1591140 
1558374 
1591143 
1591146 
1591149 
1591199 
1591202 
1591205 
1591208 
1591211 
1591214 
1591217 
1591220 
1591223 
1558456 
1591226 
1558459 
1591229 
1558462 
1558463 
1591232 
1591235 
1591238 
1591288 
1591291 
1591294 
1591297 
1591300 
1591303 
1591306 
1591309 
1591312 
1591315 
1591318 
1591321 
1591324 
1591380 
1591383 
1591386 
1591389 
1591392 
1591395 
1591398 
1591401 
1591404 
1591407 
1591410 
1591413 
1591469 
1591472 
1591475 
1591478 
1591481 
1591484 
1591487 
1591490 
1591493 
1591496 
1591499 
1591502 
1558740 
1558741 
1558742 
1558743 
1558744 
1558745 
1558746 
1558747 
1558748 
1558749 
1558750 
1558751 
1558752 
1558753 
1558754 
1591561 
1591564 
1591567 
1558799 
1558800 
1558801 
1591570 
1558804 
1591573 
1558806 
1558807 
1591576 
1558809 
1558810 
1591579 
1558812 
1558813 
1591582 
1558815 
1558816 
1591585 
1558818 
1558819 
1591588 
1558821 
1558822 
1558824 
1558825 
1558827 
1558828 
1591653 
1591656 
1558888 
1558889 
1558890 
1591659 
1558891 
1558893 
1591662 
1558896 
1591665 
1558898 
1558899 
1591668 
1558901 
1558902 
1591671 
1558904 
1558905 
1591674 
1558907 
1558908 
1558910 
1558911 
1558913 
1558914 
1558916 
1558917 
1558919 
1558920 
1558923 
1558926 
1558977 
1558978 
1558979 
1591748 
1558980 
1558982 
1591751 
1558983 
1558985 
1591754 
1558988 
1591757 
1558990 
1558991 
1558993 
1558994 
1558996 
1558997 
1558999 
1559000 
1559002 
1559003 
1559005 
1559006 
1559008 
1559009 
1559011 
1559012 
1559015 
1559018 
1559021 
1559066 
1559067 
1559068 
1559069 
1559071 
1559072 
1559074 
1559075 
1559077 
1559079 
1559080 
1559082 
1559083 
1559085 
1559086 
1559088 
1559089 
1559091 
1559092 
1559094 
1559095 
1559097 
1559098 
1559100 
1559101 
1559103 
1559104 
1559107 
1559110 
1559113 
1559155 
1559156 
1559157 
1559158 
1559160 
1559161 
1559163 
1559164 
1559166 
1559167 
1559169 
1559170 
1559171 
1559172 
1559174 
1559175 
1559177 
1559178 
1559180 
1559181 
1559183 
1559184 
1559186 
1559187 
1559189 
1559190 
1559192 
1559193 
1559195 
1559196 
1559199 
1559202 
1559205 
1559208 
1559246 
1559247 
1559249 
1559250 
1559252 
1559253 
1559255 
1559256 
1559258 
1559259 
1559260 
1559261 
1559262 
1559263 
1559264 
1559265 
1559266 
1559267 
1559268 
1559269 
1559270 
1559272 
1559273 
1559275 
1559276 
1559278 
1559279 
1559281 
1559282 
1559284 
1559285 
1559288 
1559291 
1559294 
1559297 
1559300 
1559335 
1559336 
1559338 
1559339 
1559341 
1559342 
1559344 
1559345 
1559347 
1559348 
1559350 
1559351 
1559352 
1559353 
1559354 
1559355 
1559356 
1559357 
1559358 
1559359 
1559360 
1559361 
1559362 
1559364 
1559365 
1559367 
1559368 
1559370 
1559371 
1559373 
1559374 
1559376 
1559377 
1559380 
1559383 
1559386 
1559389 
1559424 
1559427 
1559428 
1559430 
1559431 
1559433 
1559434 
1559436 
1559437 
1559439 
1559440 
1559441 
1559442 
1559443 
1559444 
1559445 
1559446 
1559447 
1559448 
1559449 
1559450 
1559451 
1559452 
1559453 
1559454 
1559456 
1559457 
1559459 
1559460 
1559462 
1559463 
1559465 
1559466 
1559469 
1559472 
1559475 
1559478 
1559481 
1559516 
1559519 
1559520 
1559522 
1559523 
1559525 
1559526 
1559528 
1559529 
1559531 
1559532 
1559533 
1559534 
1559535 
1559536 
1559537 
1559538 
1559539 
1559540 
1559541 
1559542 
1559543 
1559545 
1559546 
1559548 
1559549 
1559551 
1559552 
1559554 
1559555 
1559558 
1559561 
1559564 
1559567 
1559570 
1559605 
1559608 
1559611 
1559614 
1559615 
1559617 
1559618 
1559620 
1559621 
1559622 
1559623 
1559624 
1559625 
1559626 
1559627 
1559628 
1559629 
1559630 
1559631 
1559632 
1559634 
1559635 
1559637 
1559638 
1559640 
1559641 
1559644 
1559647 
1559650 
1559653 
1559656 
1559659 
1559694 
1559697 
1559700 
1559703 
1559706 
1559707 
1559709 
1559710 
1559712 
1559713 
1559715 
1559716 
1559717 
1559718 
1559719 
1559720 
1559721 
1559723 
1559724 
1559727 
1559730 
1559733 
1559736 
1559739 
1559742 
1559745 
1559748 
1559786 
1559789 
1559792 
1559795 
1559798 
1559801 
1559802 
1559804 
1559807 
1559810 
1559813 
1559816 
1559819 
1559822 
1559825 
1559828 
1559831 
1559834 
1559837 
1559875 
1559878 
1559881 
1559884 
1559887 
1559890 
1559893 
1559896 
1559899 
1559902 
1559905 
1559908 
1559911 
1559914 
1559917 
1559920 
1559923 
1559967 
1559970 
1559973 
1559976 
1559979 
1559982 
1559985 
1559988 
1559991 
1559994 
1559997 
1560000 
1560003 
1560006 
1560009 
1560012 
1560056 
1560059 
1560062 
1560065 
1560068 
1560071 
1560074 
1560077 
1560080 
1560083 
1560086 
1560089 
1560092 
1560095 
1560098 
1560101 
1560148 
1560151 
1560154 
1560157 
1560160 
1560163 
1560166 
1560169 
1560172 
1560175 
1560178 
1560181 
1560184 
1560187 
1560240 
1560243 
1560246 
1560249 
1560252 
1560255 
1560258 
1560261 
1560264 
1560267 
1560270 
1560273 
1560276 
1593060 
1560332 
1560335 
1560338 
1560341 
1560344 
1560347 
1560350 
1560353 
1560356 
1560359 
1560362 
1560430 
1560433 
1560436 
1560439 
1593216 
1593219 
1593222 
1593225 
1593228 
1593231 
1593234 
1593302 
1593305 
1593308 
1593311 
1593314 
1593316 
1593317 
1593319 
1593320 
1593322 
1560554 
1593323 
1560557 
1593326 
1560560 
1593329 
1593391 
1593394 
1593397 
1593400 
1593403 
1593406 
1560639 
1593408 
1593409 
1560642 
1593411 
1560643 
1593412 
1560646 
1593415 
1560649 
1593418 
1560652 
1593421 
1593424 
1593480 
1593483 
1593486 
1593489 
1593492 
1593495 
1560728 
1593498 
1560731 
1593501 
1560734 
1560735 
1593504 
1560737 
1560738 
1593507 
1560741 
1593510 
1593513 
1593516 
1593572 
1593575 
1593578 
1593581 
1593584 
1560817 
1593587 
1560820 
1593590 
1560823 
1560824 
1593593 
1560826 
1560827 
1593596 
1560829 
1560830 
1593599 
1560833 
1593602 
1593605 
1593608 
1593661 
1593664 
1593667 
1593670 
1593673 
1593676 
1560909 
1593679 
1560912 
1593682 
1560915 
1560916 
1593685 
1560918 
1560919 
1593688 
1560922 
1593691 
1560925 
1593694 
1593697 
1593750 
1593753 
1593756 
1593759 
1593762 
1593765 
1593768 
1593771 
1561004 
1593774 
1561007 
1593777 
1561010 
1561011 
1593780 
1561014 
1593783 
1593786 
1593839 
1593842 
1593845 
1593848 
1593851 
1593854 
1593857 
1593860 
1593863 
1561096 
1593866 
1561099 
1593869 
1561102 
1593872 
1593875 
1593931 
1593934 
1593937 
1593940 
1593943 
1593946 
1593949 
1593952 
1593955 
1593958 
1593961 
1593964 
1594020 
1594023 
1594026 
1594029 
1594032 
1594035 
1594038 
1594041 
1594044 
1594047 
1594050 
1594053 
1594112 
1594115 
1594118 
1594121 
1594124 
1594127 
1594130 
1594133 
1594136 
1594139 
1561380 
1561381 
1561382 
1561383 
1561384 
1561385 
1561386 
1561387 
1561388 
1561389 
1561390 
1561391 
1561392 
1561393 
1561394 
1594201 
1594204 
1594207 
1561439 
1561440 
1561441 
1594210 
1561444 
1594213 
1561446 
1561447 
1594216 
1561449 
1561450 
1594219 
1561452 
1561453 
1594222 
1561455 
1561456 
1594225 
1561458 
1561459 
1594228 
1561461 
1561462 
1561464 
1561465 
1561467 
1561468 
1594293 
1594296 
1561528 
1561529 
1561530 
1594299 
1561533 
1594302 
1561536 
1594305 
1561538 
1561539 
1594308 
1561541 
1561542 
1594311 
1561544 
1561545 
1594314 
1561547 
1561548 
1561550 
1561551 
1561553 
1561554 
1561556 
1561557 
1561559 
1561560 
1561563 
1561566 
1561617 
1561618 
1561619 
1561620 
1561622 
1594391 
1561625 
1594394 
1561628 
1561630 
1561631 
1561633 
1561634 
1561636 
1561637 
1561639 
1561640 
1561642 
1561643 
1561645 
1561646 
1561648 
1561649 
1561651 
1561652 
1561655 
1561658 
1561661 
1561706 
1561707 
1561708 
1561709 
1561711 
1561712 
1561714 
1561715 
1561717 
1561720 
1561722 
1561723 
1561725 
1561726 
1561728 
1561729 
1561731 
1561732 
1561734 
1561735 
1561737 
1561738 
1561740 
1561741 
1561743 
1561744 
1561747 
1561750 
1561753 
1561756 
1561795 
1561796 
1561797 
1561798 
1561800 
1561801 
1561803 
1561804 
1561806 
1561807 
1561809 
1561810 
1561811 
1561812 
1561814 
1561815 
1561817 
1561818 
1561820 
1561821 
1561823 
1561824 
1561826 
1561827 
1561829 
1561830 
1561832 
1561833 
1561835 
1561836 
1561839 
1561842 
1561845 
1561848 
1561886 
1561887 
1561889 
1561890 
1561892 
1561893 
1561895 
1561896 
1561898 
1561899 
1561901 
1561902 
1561903 
1561904 
1561905 
1561906 
1561907 
1561909 
1561910 
1561912 
1561913 
1561915 
1561916 
1561918 
1561919 
1561921 
1561922 
1561924 
1561925 
1561928 
1561931 
1561934 
1561937 
1561940 
1561975 
1561976 
1561978 
1561979 
1561981 
1561982 
1561984 
1561985 
1561987 
1561988 
1561990 
1561991 
1561992 
1561993 
1561994 
1561995 
1561996 
1561997 
1561998 
1561999 
1562001 
1562002 
1562004 
1562005 
1562007 
1562008 
1562010 
1562011 
1562013 
1562014 
1562016 
1562017 
1562020 
1562023 
1562026 
1562029 
1562064 
1562067 
1562068 
1562070 
1562071 
1562073 
1562074 
1562076 
1562077 
1562079 
1562080 
1562081 
1562082 
1562083 
1562084 
1562085 
1562086 
1562087 
1562088 
1562089 
1562090 
1562091 
1562093 
1562094 
1562096 
1562097 
1562099 
1562100 
1562102 
1562103 
1562105 
1562106 
1562109 
1562112 
1562115 
1562118 
1562121 
1562156 
1562159 
1562160 
1562162 
1562163 
1562165 
1562166 
1562168 
1562169 
1562171 
1562172 
1562173 
1562174 
1562175 
1562176 
1562177 
1562178 
1562179 
1562180 
1562181 
1562182 
1562183 
1562185 
1562186 
1562188 
1562189 
1562191 
1562192 
1562195 
1562198 
1562201 
1562204 
1562207 
1562210 
1562245 
1562248 
1562251 
1562254 
1562255 
1562257 
1562258 
1562260 
1562261 
1562263 
1562264 
1562265 
1562266 
1562267 
1562268 
1562269 
1562270 
1562271 
1562272 
1562274 
1562275 
1562277 
1562278 
1562280 
1562281 
1562284 
1562287 
1562290 
1562293 
1562296 
1562299 
1562334 
1562337 
1562340 
1562343 
1562346 
1562349 
1562350 
1562352 
1562353 
1562355 
1562356 
1562358 
1562361 
1562364 
1562367 
1562370 
1562373 
1562376 
1562379 
1562382 
1562385 
1562388 
1562426 
1562429 
1562432 
1562435 
1562438 
1562441 
1562444 
1562447 
1562450 
1562453 
1562456 
1562459 
1562462 
1562465 
1562468 
1562471 
1562474 
1562477 
1562515 
1562518 
1562521 
1562524 
1562527 
1562530 
1562533 
1562536 
1562539 
1562542 
1562545 
1562548 
1562551 
1562554 
1562557 
1562560 
1562563 
1562566 
1562607 
1562610 
1562613 
1562616 
1562619 
1562622 
1562625 
1562628 
1562631 
1562634 
1562637 
1562640 
1562643 
1890325 
1562646 
1890328 
1562649 
1890331 
1562652 
1562696 
1562699 
1562702 
1562705 
1562708 
1562711 
1562714 
1562717 
1562720 
1562723 
1562726 
1562729 
1890411 
1562732 
1890414 
1562735 
1890417 
1562738 
1890420 
1562741 
1890423 
2021497 
2021501 
1562788 
1562791 
1562794 
1562797 
1562800 
1562803 
1562806 
1562809 
1562812 
1562815 
1562818 
1890500 
1562821 
1890503 
1562824 
1890506 
1562827 
1890509 
2021583 
1890512 
2021586 
2021587 
2021590 
1562880 
1562883 
1562886 
1562889 
1562892 
1562895 
1562898 
1562901 
1562904 
1562907 
1562910 
1890592 
1562913 
1890595 
1562916 
1890598 
2021672 
1890601 
2021675 
2021676 
2021678 
2021679 
1595700 
1562972 
1562975 
1562978 
1562981 
1562984 
1562987 
1562990 
1562993 
1562996 
1562999 
1563002 
1890684 
1890687 
2021761 
2021764 
2021765 
2021767 
2021768 
1563070 
1563073 
1563076 
1563079 
1595856 
1595859 
1595862 
1595865 
2021850 
1595868 
2021853 
2021854 
2021856 
2021857 
1595945 
1595948 
1595951 
1595954 
2021939 
1595957 
2021942 
2021943 
1595960 
2021945 
2021946 
1563194 
1595963 
1563197 
1595966 
1595969 
1596031 
1596034 
1596037 
1596040 
1596043 
2022028 
1596046 
2022031 
1596049 
2022034 
2022035 
1563283 
1596052 
1563286 
1596055 
1563289 
1596058 
1596061 
1596064 
1596123 
1596126 
1596129 
1596132 
1596135 
2022120 
1563368 
1596138 
1563371 
1596141 
1563374 
1563375 
1596144 
1563378 
1596147 
1563381 
1596150 
1596153 
1596156 
1596212 
1596215 
1596218 
1596221 
1596224 
2022209 
1596227 
1563460 
1596230 
1563463 
1596233 
1563466 
1563467 
1596236 
1563470 
1596239 
1563473 
1596242 
1596245 
1596301 
1596304 
1596307 
1596310 
1596313 
1596316 
1596319 
1563552 
1596322 
1563555 
1596325 
1563558 
1563559 
1596328 
1563562 
1596331 
1596334 
1596337 
1596390 
1596393 
1596396 
1596399 
1596402 
1596405 
1596408 
1596411 
1563644 
1596414 
1563647 
1596417 
1563650 
1563651 
1596420 
1563654 
1596423 
1596426 
1596479 
1596482 
1596485 
1596488 
1596491 
1596494 
1596497 
1596500 
1596503 
1596506 
1563739 
1596509 
1596512 
1596515 
1596571 
1596574 
1596577 
1596580 
1596583 
1596586 
1596589 
1596592 
1596595 
1596598 
1596601 
1596604 
1596660 
1596663 
1596666 
1596669 
1596672 
1596675 
1596678 
1596681 
1596684 
1596687 
1596690 
1596752 
1596755 
1596758 
1596761 
1596764 
1596767 
1596770 
1596773 
1596776 
1596779 
1564020 
1564021 
1564022 
1564023 
1564024 
1564025 
1564026 
1564027 
1564028 
1564029 
1564030 
1564031 
1564032 
1564033 
1564034 
1596844 
1596847 
1564079 
1564080 
1564081 
1596850 
1564084 
1596853 
1564087 
1596856 
1564089 
1564090 
1596859 
1564092 
1564093 
1596862 
1564095 
1564096 
1596865 
1564098 
1564099 
1564101 
1564102 
1564104 
1564105 
1564107 
1564108 
1596936 
1564168 
1564169 
1564170 
1596939 
1564173 
1596942 
1564176 
1596945 
1564179 
1596948 
1564181 
1564182 
1596951 
1564184 
1564185 
1564187 
1564188 
1564190 
1564191 
1564193 
1564194 
1564196 
1564197 
1564199 
1564200 
1564203 
1564206 
1564257 
1564258 
1564259 
1564260 
1564262 
1564265 
1564268 
1564270 
1564271 
1564273 
1564274 
1564276 
1564277 
1564279 
1564280 
1564282 
1564283 
1564285 
1564286 
1564288 
1564289 
1564291 
1564292 
1564295 
1564298 
1564301 
1564346 
1564347 
1564348 
1564349 
1564351 
1564352 
1564354 
1564355 
1990341 
1564357 
1564360 
1564362 
1564363 
1564365 
1564366 
1564368 
1564369 
1564371 
1564372 
1564374 
1564375 
1564377 
1564378 
1564380 
1564381 
1564383 
1564384 
1564387 
1564390 
1564393 
1564435 
1564436 
1564437 
1564438 
1564440 
1564441 
1564443 
1564444 
1564446 
1564447 
1564449 
1564451 
1564452 
1564454 
1564455 
1564457 
1564458 
1564460 
1564461 
1564463 
1564464 
1564466 
1564467 
1564469 
1564470 
1564472 
1564473 
1564475 
1564476 
1564479 
1564482 
1564485 
1564488 
1564526 
1564527 
1564529 
1564530 
1564532 
1564533 
1564535 
1564536 
1564538 
1564539 
1564541 
1564542 
1564543 
1564544 
1564546 
1564547 
1564549 
1564550 
1564552 
1564553 
1564555 
1564556 
1564558 
1564559 
1564561 
1564562 
1564564 
1564565 
1564568 
1564571 
1564574 
1564577 
1564580 
1564615 
1564618 
1564619 
1564621 
1564622 
1564624 
1564625 
1564627 
1564628 
1564630 
1564631 
1564632 
1564633 
1564634 
1564635 
1564636 
1564637 
1564638 
1564639 
1564641 
1564642 
1564644 
1564645 
1564647 
1564648 
1564650 
1564651 
1564653 
1564654 
1564657 
1564660 
1564663 
1564666 
1564669 
1564704 
1564707 
1564708 
1564710 
1564711 
1564713 
1564714 
1564716 
1564717 
1564719 
1564720 
1564722 
1564723 
1564724 
1564725 
1564726 
1564727 
1564728 
1564729 
1564730 
1564731 
1564733 
1564734 
1564736 
1564737 
1564739 
1564740 
1564742 
1564743 
1564746 
1564749 
1564752 
1564755 
1564758 
1564761 
1564796 
1564799 
1564802 
1564803 
1564805 
1564806 
1564808 
1564809 
1564811 
1564812 
1564813 
1564814 
1564815 
1564816 
1564817 
1564818 
1564819 
1564820 
1564822 
1564823 
1564825 
1564826 
1564828 
1564829 
1564831 
1564832 
1564835 
1564838 
1564841 
1564844 
1564847 
1564850 
1564885 
1564888 
1564891 
1564894 
1564895 
1564897 
1564898 
1564900 
1564901 
1564903 
1564904 
1564905 
1564906 
1564907 
1564908 
1564909 
1564911 
1564912 
1564914 
1564915 
1564917 
1564918 
1564921 
1564924 
1564927 
1564930 
1564933 
1564936 
1564939 
1564977 
1564980 
1564983 
1564986 
1564989 
1564990 
1564992 
1564993 
1564995 
1564998 
1565001 
1565004 
1565007 
1565010 
1565013 
1565016 
1565019 
1565022 
1565025 
1565028 
1565066 
1565069 
1565072 
1565075 
1565078 
1565081 
1565084 
1565087 
1565090 
1565093 
1565096 
1565099 
1565102 
1565105 
1565108 
1565111 
1565114 
1565117 
1565155 
1565158 
1565161 
1565164 
1565167 
1565170 
1565173 
1565176 
1565179 
1565182 
1565185 
1565188 
1565191 
1565194 
1565197 
1565200 
1565203 
1565247 
1565250 
1565253 
1565256 
1565259 
1565262 
1565265 
1565268 
1565271 
1565274 
1565277 
1565280 
1565283 
1565286 
1565289 
1565292 
1565339 
1565342 
1565345 
1565348 
1565351 
1565354 
1565357 
1565360 
1565363 
1565366 
1565369 
1565372 
1565375 
1565378 
1565428 
1565431 
1565434 
1565437 
1565440 
1565443 
1565446 
1565449 
1565452 
1565455 
1565458 
1565461 
1565464 
1565467 
1565520 
1565523 
1565526 
1565529 
1565532 
1565535 
1565538 
1565541 
1565544 
1565547 
1565550 
1565553 
1598340 
1565615 
1565618 
1565621 
1565624 
1565627 
1565630 
1565633 
1565636 
1598499 
1598585 
1598588 
1598591 
1598594 
1598597 
1598600 
1598603 
1598606 
1598674 
1598677 
1598680 
1598683 
1598686 
1598689 
1598692 
1565926 
1598695 
1565929 
1598698 
1598701 
1598763 
1598766 
1598769 
1598772 
1598775 
1598778 
1566011 
1598781 
1566014 
1566015 
1598784 
1566018 
1598787 
1566021 
1598790 
1598793 
1598852 
1598855 
1598858 
1598861 
1598864 
1598867 
1566100 
1598870 
1566103 
1598873 
1566106 
1566107 
1598876 
1566110 
1598879 
1566113 
1598882 
1598885 
1598941 
1598944 
1598947 
1598950 
1598953 
1598956 
1598959 
1566192 
1598962 
1566195 
1598965 
1566198 
1566199 
1598968 
1566202 
1598971 
1598974 
1599030 
1599033 
1599036 
1599039 
1599042 
1599045 
1599048 
1599051 
1566284 
1599054 
1566287 
1599057 
1566290 
1566291 
1599060 
1566294 
1599063 
1599122 
1599125 
1599128 
1599131 
1599134 
1599137 
1599140 
1599143 
1599146 
1566379 
1599149 
1599152 
1599211 
1599214 
1599217 
1599220 
1599223 
1599226 
1599229 
1599232 
1599235 
1599238 
1599241 
1599303 
1599306 
1599309 
1599312 
1599315 
1599318 
1599321 
1599324 
1599327 
1599330 
1599392 
1599395 
1599398 
1599401 
1599404 
1599407 
1599410 
1599413 
1599416 
1599419 
1566660 
1566661 
1566662 
1566663 
1566664 
1566665 
1566666 
1566667 
1566668 
1566669 
1566670 
1566671 
1566672 
1599484 
1599487 
1566719 
1566720 
1566721 
1599490 
1566724 
1599493 
1566727 
1599496 
1566729 
1566730 
1599499 
1566732 
1566733 
1599502 
1566735 
1566736 
1599505 
1566738 
1566739 
1566741 
1566742 
1566744 
1566745 
1566748 
1566808 
1566809 
1566810 
1599579 
1566813 
1599582 
1566816 
1599585 
1566819 
1599588 
1566821 
1566822 
1566824 
1566825 
1566827 
1566828 
1566830 
1566831 
1566833 
1566834 
1566836 
1566837 
1566839 
1566840 
1566843 
1566897 
1566898 
1566899 
1566900 
1566902 
1566905 
1566908 
1566910 
1566911 
1566913 
1566914 
1566916 
1566917 
1566919 
1566920 
1566922 
1566923 
1566925 
1566926 
1566928 
1566929 
1566931 
1566932 
1566935 
1566938 
1566986 
1566987 
1566988 
1566989 
1566991 
1566992 
1566994 
1566995 
1566997 
1567000 
1567002 
1567003 
1567005 
1567006 
1567008 
1567009 
1567011 
1567012 
1567014 
1567015 
1567017 
1567018 
1567020 
1567021 
1567023 
1567024 
1567027 
1567030 
1567033 
1567077 
1567078 
1567080 
1567081 
1567083 
1567084 
1567086 
1567087 
1567089 
1567092 
1567094 
1567095 
1567097 
1567098 
1567100 
1567101 
1567103 
1567104 
1567106 
1567107 
1567109 
1567110 
1567112 
1567113 
1567116 
1567119 
1567122 
1567125 
1567166 
1567167 
1567169 
1567170 
1567172 
1567173 
1567175 
1567176 
1567178 
1567179 
1567181 
1567183 
1567184 
1567186 
1567187 
1567189 
1567190 
1567192 
1567193 
1567195 
1567196 
1567198 
1567199 
1567201 
1567202 
1567204 
1567205 
1567208 
1567211 
1567214 
1567217 
1567255 
1567258 
1567259 
1567261 
1567262 
1567264 
1567265 
1567267 
1567268 
1567270 
1567271 
1567273 
1567274 
1567275 
1567276 
1567278 
1567279 
1567281 
1567282 
1567284 
1567285 
1567287 
1567288 
1567290 
1567291 
1567293 
1567294 
1567297 
1567300 
1567303 
1567306 
1567309 
1567347 
1567350 
1567351 
1567353 
1567354 
1567356 
1567357 
1567359 
1567360 
1567362 
1567363 
1567364 
1567365 
1567366 
1567367 
1567368 
1567370 
1567371 
1567373 
1567374 
1567376 
1567377 
1567379 
1567380 
1567382 
1567383 
1567386 
1567389 
1567392 
1567395 
1567398 
1567436 
1567439 
1567442 
1567443 
1567445 
1567446 
1567448 
1567449 
1567451 
1567452 
1567454 
1567455 
1567456 
1567457 
1567458 
1567459 
1567460 
1567462 
1567463 
1567465 
1567466 
1567468 
1567469 
1567472 
1567475 
1567478 
1567481 
1567484 
1567487 
1567525 
1567528 
1567531 
1567534 
1567537 
1567538 
1567540 
1567541 
1567543 
1567544 
1567546 
1567548 
1567549 
1567551 
1567552 
1567554 
1567555 
1567558 
1567561 
1567564 
1567567 
1567570 
1567573 
1567576 
1567617 
1567620 
1567623 
1567626 
1567629 
1567632 
1567635 
1567638 
1567641 
1567644 
1567647 
1567650 
1567653 
1567656 
1567659 
1567662 
1567665 
1567706 
1567709 
1567712 
1567715 
1567718 
1567721 
1567724 
1567727 
1567730 
1567733 
1567736 
1567739 
1567742 
1567745 
1567748 
1567751 
1567754 
1567798 
1567801 
1567804 
1567807 
1567810 
1567813 
1567816 
1567819 
1567822 
1567825 
1567828 
1567831 
1567834 
1567837 
1567840 
1567843 
1567887 
1567890 
1567893 
1567896 
1567899 
1567902 
1567905 
1567908 
1567911 
1567914 
1567917 
1567920 
1567923 
1567926 
1567929 
1567979 
1567982 
1567985 
1567988 
1567991 
1567994 
1567997 
1568000 
1568003 
1568006 
1568009 
1568012 
1568015 
1568018 
1568068 
1568071 
1568074 
1568077 
1568080 
1568083 
1568086 
1568089 
1568092 
1568095 
1568098 
1568101 
1568104 
1568163 
1568166 
1568169 
1568172 
1568175 
1568178 
1568181 
1568184 
1568187 
1568190 
1600980 
1568255 
1568258 
1568261 
1568264 
1568267 
1568270 
1568273 
1601225 
1601228 
1601231 
1601234 
1601237 
1601240 
1601314 
1601317 
1601320 
1601323 
1601326 
1601329 
1601332 
1568566 
1601335 
1568569 
1601338 
1601403 
1601406 
1601409 
1601412 
1601415 
1601418 
1568651 
1601421 
1568654 
1568655 
1601424 
1568658 
1601427 
1568661 
1601430 
1601492 
1601495 
1601498 
1601501 
1601504 
1601507 
1568740 
1601510 
1568743 
1601513 
1568746 
1568747 
1601516 
1568750 
1601519 
1601522 
1601584 
1601587 
1601590 
1601593 
1601596 
1601599 
1568832 
1601602 
1568835 
1601605 
1568838 
1568839 
1601608 
1568842 
1601611 
1601614 
1601673 
1601676 
1601679 
1601682 
1601685 
1601688 
1601691 
1601694 
1568927 
1601697 
1568930 
1568931 
1601700 
1568934 
1601703 
1601762 
1601765 
1601768 
1601771 
1601774 
1601777 
1601780 
1601783 
1601786 
1569019 
1601789 
1601792 
1601854 
1601857 
1601860 
1601863 
1601866 
1601869 
1601872 
1601875 
1601878 
1601881 
1601943 
1601946 
1601949 
1601952 
1601955 
1601958 
1601961 
1601964 
1601967 
1602035 
1602038 
1602041 
1602044 
1602047 
1602050 
1602053 
1602056 
1569300 
1569301 
1569302 
1569303 
1569304 
1569305 
1569306 
1569307 
1569308 
1569309 
1569310 
1569311 
1569312 
1602127 
1569359 
1569360 
1569361 
1602130 
1569364 
1602133 
1569367 
1602136 
1569369 
1569370 
1602139 
1569372 
1569373 
1602142 
1569375 
1569376 
1569378 
1569379 
1569381 
1569382 
1569384 
1569385 
1569388 
1995414 
1995417 
1569448 
1569449 
1569450 
1569453 
1569456 
1569459 
1569461 
1569462 
1569464 
1569465 
1569467 
1569468 
1569470 
1569471 
1569473 
1569474 
1569476 
1569477 
1569479 
1569480 
1569483 
1995503 
1995506 
1569537 
1569538 
1569539 
1569540 
1569542 
1569545 
1569548 
1569550 
1569551 
1569553 
1569554 
1569556 
1569557 
1569559 
1569560 
1569562 
1569563 
1569565 
1569566 
1569568 
1569569 
1569571 
1569572 
1569575 
1569578 
1995592 
1995595 
1569626 
1569627 
1569628 
1569629 
1569631 
1569632 
1569634 
1569637 
1569640 
1569642 
1569643 
1569645 
1569646 
1569648 
1569649 
1569651 
1569652 
1569654 
1569655 
1569657 
1569658 
1569660 
1569661 
1569663 
1569664 
1569667 
1569670 
1569673 
1995681 
1995684 
1569717 
1569718 
1569720 
1569721 
1569723 
1569724 
1569726 
1569729 
1569732 
1569734 
1569735 
1569737 
1569738 
1569740 
1569741 
1569743 
1569744 
1569746 
1569747 
1569749 
1569750 
1569752 
1569753 
1569756 
1569759 
1569762 
1569765 
1995773 
1569806 
1569809 
1569810 
1569812 
1569813 
1569815 
1569816 
1569818 
1569819 
1569821 
1569823 
1569824 
1569826 
1569827 
1569829 
1569830 
1569832 
1569833 
1569835 
1569836 
1569838 
1569839 
1569841 
1569842 
1569844 
1569845 
1569848 
1569851 
1569854 
1569857 
1569895 
1569898 
1569899 
1569901 
1569902 
1569904 
1569905 
1569907 
1569908 
1569910 
1569911 
1569913 
1569915 
1569916 
1569918 
1569919 
1569921 
1569922 
1569924 
1569925 
1569927 
1569928 
1569930 
1569931 
1569933 
1569934 
1569937 
1569940 
1569943 
1569946 
1569987 
1569990 
1569991 
1569993 
1569994 
1569996 
1569997 
1569999 
1570000 
1570002 
1570003 
1570005 
1570007 
1570008 
1570010 
1570011 
1570013 
1570014 
1570016 
1570017 
1570019 
1570020 
1570022 
1570023 
1570026 
1570029 
1570032 
1570035 
1570038 
1570076 
1570079 
1570082 
1570083 
1570085 
1570086 
1570088 
1570089 
1570091 
1570092 
1570094 
1570095 
1570097 
1570099 
1570100 
1570102 
1570103 
1570105 
1570106 
1570108 
1570109 
1570112 
1570115 
1570118 
1570121 
1570124 
1570127 
1570165 
1570168 
1570171 
1570174 
1570177 
1570178 
1570180 
1570181 
1570183 
1570186 
1570189 
1570192 
1570195 
1570198 
1570201 
1570204 
1570207 
1570210 
1570213 
1570216 
1570257 
1570260 
1570263 
1570266 
1570269 
1570272 
1570275 
1570278 
1570281 
1570284 
1570287 
1570290 
1570293 
1570296 
1570299 
1570302 
1570305 
1570346 
1570349 
1570352 
1570355 
1570358 
1570361 
1570364 
1570367 
1570370 
1570373 
1570376 
1570379 
1570382 
1570385 
1570388 
1570391 
1570438 
1570441 
1570444 
1570447 
1570450 
1570453 
1570456 
1570459 
1570462 
1570465 
1570468 
1570471 
1570474 
1570477 
1570480 
1570527 
1570530 
1570533 
1570536 
1570539 
1570542 
1570545 
1570548 
1570551 
1570554 
1570557 
1570560 
1570563 
1570566 
1570569 
1570619 
1570622 
1570625 
1570628 
1570631 
1570634 
1570637 
1570640 
1570643 
1570646 
1570649 
1570652 
1570655 
1570711 
1570714 
1570717 
1570720 
1570723 
1570726 
1570729 
1570732 
1570735 
1570738 
1570741 
1570803 
1570806 
1570809 
1570812 
1570815 
1570818 
1570821 
1570824 
1570827 
1603620 
1570898 
1570901 
1570904 
1570907 
1603868 
1603957 
1603960 
1603963 
1603966 
1603969 
1603972 
1604046 
1604049 
1604052 
1604055 
1604058 
1604061 
1604064 
1571298 
1604067 
1604135 
1604138 
1604141 
1604144 
1604147 
1604150 
1571383 
1604153 
1571386 
1571387 
1604156 
1571390 
1604159 
1604224 
1604227 
1604230 
1604233 
1604236 
1604239 
1604242 
1571475 
1604245 
1571478 
1571479 
1604248 
1571482 
1604251 
1604313 
1604316 
1604319 
1604322 
1604325 
1604328 
1604331 
1604334 
1571567 
1604337 
1571570 
1604340 
1604405 
1604408 
1604411 
1604414 
1604417 
1604420 
1604423 
1604426 
1604429 
1604494 
1604497 
1604500 
1604503 
1604506 
1604509 
1604512 
1604515 
1604518 
1604586 
1604589 
1604592 
1604595 
1604598 
1604601 
1604604 
1604607 
1604678 
1604681 
1604684 
1604687 
1604690 
1604693 
1571940 
1571941 
1571943 
1571944 
1571945 
1571946 
1571947 
1571948 
1571949 
1571950 
1571999 
1572001 
1604770 
1572004 
1604773 
1572007 
1604776 
1572009 
1572010 
1572012 
1572013 
1572015 
1572016 
1572018 
1572019 
1572021 
1572022 
1572024 
1572025 
1572088 
1572090 
1572093 
1572096 
1572099 
1572101 
1572102 
1572104 
1572105 
1572107 
1572108 
1572110 
1572111 
1572113 
1572114 
1572116 
1572117 
1572119 
1572120 
1572123 
1572177 
1572179 
1572182 
1572185 
1572188 
1572191 
1572193 
1572194 
1572196 
1572197 
1572199 
1572200 
1572202 
1572203 
1572205 
1572206 
1572208 
1572209 
1572211 
1572212 
1572215 
1572218 
1572268 
1572269 
1572271 
1572272 
1572274 
1572277 
1572280 
1572282 
1572283 
1572285 
1572286 
1572288 
1572289 
1572291 
1572292 
1572294 
1572295 
1572297 
1572298 
1572300 
1572301 
1572304 
1572307 
1572310 
1572313 
1572357 
1572358 
1572360 
1572361 
1572363 
1572364 
1572366 
1572369 
1572372 
1572374 
1572375 
1572377 
1572378 
1572380 
1572381 
1572383 
1572384 
1572386 
1572387 
1572389 
1572390 
1572392 
1572393 
1572396 
1572399 
1572402 
1572405 
1572446 
1572449 
1572450 
1572452 
1572453 
1572455 
1572456 
1572458 
1572461 
1572464 
1572466 
1572467 
1572469 
1572470 
1572472 
1572473 
1572475 
1572476 
1572478 
1572479 
1572481 
1572482 
1572485 
1572488 
1572491 
1572494 
1572497 
1572538 
1572539 
1572541 
1572542 
1572544 
1572545 
1572547 
1572548 
1572550 
1572553 
1572555 
1572556 
1572558 
1572559 
1572561 
1572562 
1572564 
1572565 
1572567 
1572568 
1572570 
1572571 
1572574 
1572577 
1572580 
1572583 
1572586 
1572627 
1572630 
1572631 
1572633 
1572634 
1572636 
1572637 
1572639 
1572640 
1572642 
1572645 
1572647 
1572648 
1572650 
1572651 
1572653 
1572654 
1572656 
1572657 
1572659 
1572660 
1572663 
1572666 
1572669 
1572672 
1572675 
1572716 
1572719 
1572722 
1572725 
1572726 
1572728 
1572729 
1572731 
1572732 
1572734 
1572737 
1572739 
1572740 
1572742 
1572743 
1572745 
1572746 
1572749 
1572752 
1572755 
1572758 
1572761 
1572764 
1572805 
1572808 
1572811 
1572814 
1572817 
1572820 
1572823 
1572826 
1572829 
1572832 
1572835 
1572838 
1572841 
1572844 
1572847 
1572850 
1572853 
)

// ************************************************************************* //
