# Force coefficients
# liftDir    : (1.000000e+00 0.000000e+00 0.000000e+00)
# dragDir    : (0.000000e+00 0.000000e+00 1.000000e+00)
# pitchAxis  : (0.000000e+00 1.000000e+00 0.000000e+00)
# magUInf    : 1.000000e+02
# lRef       : 1.000000e+00
# Aref       : 1.356200e-03
# CofR       : (0.000000e+00 0.000000e+00 3.810000e-01)
# Time       	Cm           	Cd           	Cl           	Cl(f)        	Cl(r)        	Cm	Cd	Cl	Cl(f)	Cl(r)
1.000000e+00	1.084467e-01	-8.854833e+01	2.473618e-01	2.321276e-01	1.523423e-02
2.000000e+00	8.129389e-02	-5.536977e+01	1.954894e-01	1.790386e-01	1.645081e-02
3.000000e+00	-1.331516e-03	9.350773e+00	3.165264e-03	2.511160e-04	2.914148e-03
4.000000e+00	-4.688083e-02	3.408488e+01	-1.055287e-01	-9.964520e-02	-5.883538e-03
5.000000e+00	-1.839877e-02	1.800354e+01	-4.776131e-02	-4.227943e-02	-5.481883e-03
6.000000e+00	8.894039e-03	-7.258354e+00	1.132065e-02	1.455436e-02	-3.233714e-03
7.000000e+00	4.059731e-04	-1.765289e+01	-3.182540e-03	-1.185297e-03	-1.997243e-03
8.000000e+00	-1.092068e-02	-9.339613e+00	-2.347169e-02	-2.265653e-02	-8.151667e-04
9.000000e+00	-6.599542e-03	2.759728e+00	-9.899188e-03	-1.154914e-02	1.649948e-03
1.000000e+01	3.595048e-03	7.257190e+00	1.144020e-02	9.315148e-03	2.125052e-03
1.100000e+01	8.568112e-03	2.409928e+00	2.010823e-02	1.862223e-02	1.486004e-03
1.200000e+01	6.763255e-03	-3.780360e+00	1.485228e-02	1.418939e-02	6.628835e-04
1.300000e+01	1.434881e-03	-5.308983e+00	1.815584e-03	2.342673e-03	-5.270887e-04
1.400000e+01	-3.247751e-03	-2.594564e+00	-8.844552e-03	-7.670027e-03	-1.174525e-03
1.500000e+01	-5.057521e-03	5.434809e-01	-1.250167e-02	-1.130836e-02	-1.193316e-03
1.600000e+01	-3.594470e-03	1.190339e+00	-9.017605e-03	-8.103272e-03	-9.143321e-04
1.700000e+01	-4.899587e-04	-3.010523e-01	-1.296671e-03	-1.138294e-03	-1.583768e-04
1.800000e+01	1.906158e-03	-1.841297e+00	4.796188e-03	4.304252e-03	4.919360e-04
1.900000e+01	2.299177e-03	-2.088787e+00	5.767294e-03	5.182824e-03	5.844694e-04
2.000000e+01	8.812274e-04	-1.309599e+00	2.406687e-03	2.084571e-03	3.221162e-04
2.100000e+01	-9.495208e-04	-5.357679e-01	-2.096222e-03	-1.997632e-03	-9.859027e-05
2.200000e+01	-1.918824e-03	-4.157413e-01	-4.612950e-03	-4.225299e-03	-3.876511e-04
2.300000e+01	-1.734159e-03	-8.024615e-01	-4.546175e-03	-4.007246e-03	-5.389288e-04
2.400000e+01	-9.034162e-04	-1.153423e+00	-2.679363e-03	-2.243098e-03	-4.362653e-04
2.500000e+01	-2.395571e-04	-1.171669e+00	-1.086020e-03	-7.825672e-04	-3.034530e-04
2.600000e+01	-5.351724e-05	-9.529728e-01	-2.063454e-04	-1.566899e-04	-4.965548e-05
2.700000e+01	-2.164695e-04	-7.651636e-01	-4.486431e-04	-4.407910e-04	-7.852100e-06
2.800000e+01	-4.521797e-04	-7.487731e-01	-9.750734e-04	-9.397164e-04	-3.535696e-05
2.900000e+01	-6.589565e-04	-8.499953e-01	-1.758144e-03	-1.538028e-03	-2.201152e-04
3.000000e+01	-7.530189e-04	-9.314308e-01	-2.069773e-03	-1.787905e-03	-2.818674e-04
3.100000e+01	-7.251918e-04	-9.229383e-01	-2.052542e-03	-1.751463e-03	-3.010791e-04
3.200000e+01	-5.989330e-04	-8.547499e-01	-1.523555e-03	-1.360711e-03	-1.628447e-04
3.300000e+01	-4.338725e-04	-7.965382e-01	-1.132909e-03	-1.000327e-03	-1.325821e-04
3.400000e+01	-3.642201e-04	-7.862453e-01	-8.393120e-04	-7.838760e-04	-5.543591e-05
3.500000e+01	-4.452497e-04	-8.083034e-01	-1.210836e-03	-1.050668e-03	-1.601684e-04
3.600000e+01	-6.133436e-04	-8.256195e-01	-1.649684e-03	-1.438186e-03	-2.114985e-04
3.700000e+01	-7.806284e-04	-8.200696e-01	-2.211645e-03	-1.886451e-03	-3.251942e-04
3.800000e+01	-8.808659e-04	-7.971456e-01	-2.320666e-03	-2.041199e-03	-2.794670e-04
3.900000e+01	-8.520470e-04	-7.762875e-01	-2.207218e-03	-1.955656e-03	-2.515621e-04
4.000000e+01	-7.251717e-04	-7.673739e-01	-1.772054e-03	-1.611199e-03	-1.608551e-04
4.100000e+01	-5.703464e-04	-7.675393e-01	-1.523854e-03	-1.332274e-03	-1.915807e-04
4.200000e+01	-4.862278e-04	-7.677038e-01	-1.293299e-03	-1.132877e-03	-1.604216e-04
4.300000e+01	-4.840440e-04	-7.617401e-01	-1.356747e-03	-1.162418e-03	-1.943294e-04
4.400000e+01	-5.379027e-04	-7.515421e-01	-1.391536e-03	-1.233671e-03	-1.578653e-04
4.500000e+01	-5.979049e-04	-7.411554e-01	-1.582357e-03	-1.389083e-03	-1.932737e-04
4.600000e+01	-6.290957e-04	-7.344202e-01	-1.624464e-03	-1.441328e-03	-1.831363e-04
4.700000e+01	-6.317691e-04	-7.300630e-01	-1.742245e-03	-1.502892e-03	-2.393535e-04
4.800000e+01	-6.218509e-04	-7.263958e-01	-1.649580e-03	-1.446641e-03	-2.029393e-04
4.900000e+01	-6.050450e-04	-7.210222e-01	-1.639626e-03	-1.424858e-03	-2.147678e-04
5.000000e+01	-5.816527e-04	-7.145129e-01	-1.495271e-03	-1.329288e-03	-1.659827e-04
5.100000e+01	-5.459873e-04	-7.078169e-01	-1.481592e-03	-1.286783e-03	-1.948086e-04
5.200000e+01	-5.166218e-04	-7.019955e-01	-1.360642e-03	-1.196943e-03	-1.636992e-04
5.300000e+01	-4.927681e-04	-6.969632e-01	-1.379709e-03	-1.182623e-03	-1.970863e-04
5.400000e+01	-4.843069e-04	-6.925376e-01	-1.280979e-03	-1.124796e-03	-1.561825e-04
5.500000e+01	-4.756333e-04	-6.878033e-01	-1.318802e-03	-1.135034e-03	-1.837676e-04
5.600000e+01	-4.676468e-04	-6.831564e-01	-1.235067e-03	-1.085180e-03	-1.498865e-04
5.700000e+01	-4.522051e-04	-6.778575e-01	-1.268224e-03	-1.086317e-03	-1.819071e-04
5.800000e+01	-4.384527e-04	-6.729847e-01	-1.179067e-03	-1.027986e-03	-1.510807e-04
5.900000e+01	-4.182132e-04	-6.682283e-01	-1.200034e-03	-1.018230e-03	-1.818038e-04
6.000000e+01	-4.027987e-04	-6.641126e-01	-1.095075e-03	-9.503363e-04	-1.447388e-04
6.100000e+01	-3.820041e-04	-6.596329e-01	-1.102028e-03	-9.330181e-04	-1.690098e-04
6.200000e+01	-3.647963e-04	-6.553797e-01	-1.000647e-03	-8.651196e-04	-1.355270e-04
6.300000e+01	-3.411800e-04	-6.507941e-01	-9.989929e-04	-8.406764e-04	-1.583165e-04
6.400000e+01	-3.224798e-04	-6.466736e-01	-9.025355e-04	-7.737475e-04	-1.287880e-04
6.500000e+01	-2.999208e-04	-6.424440e-01	-8.995541e-04	-7.496978e-04	-1.498563e-04
6.600000e+01	-2.834735e-04	-6.386356e-01	-8.066748e-04	-6.868109e-04	-1.198639e-04
6.700000e+01	-2.626449e-04	-6.346264e-01	-8.085122e-04	-6.669010e-04	-1.416112e-04
6.800000e+01	-2.463747e-04	-6.308838e-01	-7.168814e-04	-6.048154e-04	-1.120660e-04
6.900000e+01	-2.250574e-04	-6.269542e-01	-7.181056e-04	-5.841102e-04	-1.339954e-04
7.000000e+01	-2.077679e-04	-6.232888e-01	-6.257756e-04	-5.206557e-04	-1.051199e-04
7.100000e+01	-1.870832e-04	-6.195345e-01	-6.307737e-04	-5.024701e-04	-1.283036e-04
7.200000e+01	-1.707483e-04	-6.160328e-01	-5.391907e-04	-4.403437e-04	-9.884700e-05
7.300000e+01	-1.517468e-04	-6.124646e-01	-5.528589e-04	-4.281762e-04	-1.246827e-04
7.400000e+01	-1.361865e-04	-6.090955e-01	-4.568579e-04	-3.646154e-04	-9.224252e-05
7.500000e+01	-1.174028e-04	-6.056816e-01	-4.766212e-04	-3.557134e-04	-1.209077e-04
7.600000e+01	-1.019026e-04	-6.024421e-01	-3.769321e-04	-2.903687e-04	-8.656343e-05
7.700000e+01	-8.309038e-05	-5.991847e-01	-4.055373e-04	-2.858590e-04	-1.196782e-04
7.800000e+01	-6.855984e-05	-5.960871e-01	-3.017628e-04	-2.194413e-04	-8.232157e-05
7.900000e+01	-5.042536e-05	-5.929833e-01	-3.399247e-04	-2.203877e-04	-1.195370e-04
8.000000e+01	-3.736798e-05	-5.900180e-01	-2.321894e-04	-1.534627e-04	-7.872674e-05
8.100000e+01	-2.001040e-05	-5.870605e-01	-2.818483e-04	-1.609346e-04	-1.209138e-04
8.200000e+01	-8.817093e-06	-5.842401e-01	-1.726171e-04	-9.512566e-05	-7.749147e-05
8.300000e+01	7.532332e-06	-5.814299e-01	-2.327719e-04	-1.088536e-04	-1.239183e-04
8.400000e+01	1.714649e-05	-5.787386e-01	-1.235425e-04	-4.462474e-05	-7.891772e-05
8.500000e+01	3.265322e-05	-5.760553e-01	-1.883280e-04	-6.151079e-05	-1.268172e-04
8.600000e+01	4.145054e-05	-5.734872e-01	-8.159665e-05	6.522174e-07	-8.224887e-05
8.700000e+01	5.538467e-05	-5.709358e-01	-1.478980e-04	-1.856432e-05	-1.293337e-04
8.800000e+01	6.412888e-05	-5.684925e-01	-4.657425e-05	4.084176e-05	-8.741601e-05
8.900000e+01	7.759945e-05	-5.660680e-01	-1.201942e-04	1.750233e-05	-1.376966e-04
9.000000e+01	8.440493e-05	-5.637437e-01	-1.697531e-05	7.591728e-05	-9.289259e-05
9.100000e+01	9.830047e-05	-5.614243e-01	-1.027576e-04	4.692166e-05	-1.496793e-04
9.200000e+01	1.005188e-04	-5.591996e-01	1.348815e-05	1.072629e-04	-9.377472e-05
9.300000e+01	1.123360e-04	-5.569678e-01	-6.968531e-05	7.749339e-05	-1.471787e-04
9.400000e+01	1.139938e-04	-5.548275e-01	3.459861e-05	1.312931e-04	-9.669449e-05
9.500000e+01	1.257930e-04	-5.526727e-01	-5.597276e-05	9.780661e-05	-1.537794e-04
9.600000e+01	1.277208e-04	-5.505155e-01	4.328183e-05	1.493617e-04	-1.060799e-04
9.700000e+01	1.382571e-04	-5.484095e-01	-4.085391e-05	1.178302e-04	-1.586841e-04
9.800000e+01	1.378824e-04	-5.464060e-01	5.801746e-05	1.668911e-04	-1.088737e-04
9.900000e+01	1.466183e-04	-5.443769e-01	-2.683109e-05	1.332027e-04	-1.600338e-04
1.000000e+02	1.445042e-04	-5.424318e-01	6.450660e-05	1.767575e-04	-1.122509e-04
1.010000e+02	1.517864e-04	-5.404642e-01	-2.048058e-05	1.415461e-04	-1.620267e-04
1.020000e+02	1.483543e-04	-5.385563e-01	6.790180e-05	1.823052e-04	-1.144034e-04
1.030000e+02	1.545603e-04	-5.366567e-01	-1.464502e-05	1.472378e-04	-1.618828e-04
1.040000e+02	1.497384e-04	-5.347638e-01	7.124400e-05	1.853604e-04	-1.141164e-04
1.050000e+02	1.546987e-04	-5.328771e-01	-8.777815e-06	1.503098e-04	-1.590876e-04
1.060000e+02	1.489640e-04	-5.309696e-01	7.408775e-05	1.860079e-04	-1.119202e-04
1.070000e+02	1.528810e-04	-5.291166e-01	-2.720906e-06	1.515205e-04	-1.542414e-04
1.080000e+02	1.451688e-04	-5.272988e-01	7.619522e-05	1.832664e-04	-1.070712e-04
1.090000e+02	1.475485e-04	-5.254911e-01	1.730404e-06	1.484137e-04	-1.466833e-04
1.100000e+02	1.395593e-04	-5.236599e-01	7.552224e-05	1.773204e-04	-1.017982e-04
1.110000e+02	1.413829e-04	-5.218384e-01	4.453286e-06	1.436095e-04	-1.391562e-04
1.120000e+02	1.323457e-04	-5.200338e-01	7.576665e-05	1.702290e-04	-9.446237e-05
1.130000e+02	1.333438e-04	-5.182654e-01	8.999743e-06	1.378437e-04	-1.288439e-04
1.140000e+02	1.223619e-04	-5.164987e-01	7.834882e-05	1.615363e-04	-8.318747e-05
1.150000e+02	1.225132e-04	-5.147497e-01	1.433646e-05	1.296814e-04	-1.153449e-04
1.160000e+02	1.107551e-04	-5.130013e-01	8.073083e-05	1.511205e-04	-7.038966e-05
1.170000e+02	1.106898e-04	-5.112805e-01	1.837187e-05	1.198758e-04	-1.015039e-04
1.180000e+02	9.781234e-05	-5.095794e-01	8.938685e-05	1.425058e-04	-5.311891e-05
1.190000e+02	9.685301e-05	-5.079006e-01	2.435292e-05	1.090295e-04	-8.467655e-05
1.200000e+02	8.500809e-05	-5.062515e-01	7.889391e-05	1.244550e-04	-4.556114e-05
1.210000e+02	8.384665e-05	-5.046181e-01	2.339033e-05	9.554181e-05	-7.215148e-05
1.220000e+02	7.113757e-05	-5.029985e-01	9.110023e-05	1.166877e-04	-2.558746e-05
1.230000e+02	6.722361e-05	-5.014108e-01	4.165997e-05	8.805359e-05	-4.639362e-05
1.240000e+02	5.421272e-05	-4.998603e-01	9.491403e-05	1.016697e-04	-6.755707e-06
1.250000e+02	5.242739e-05	-4.983292e-01	3.359332e-05	6.922405e-05	-3.563073e-05
1.260000e+02	4.012052e-05	-4.968428e-01	8.792315e-05	8.408209e-05	3.841059e-06
1.270000e+02	3.784063e-05	-4.953716e-01	4.340132e-05	5.954129e-05	-1.613997e-05
1.280000e+02	2.441292e-05	-4.938814e-01	1.057060e-04	7.726592e-05	2.844008e-05
1.290000e+02	2.043768e-05	-4.924671e-01	5.080192e-05	4.583864e-05	4.963279e-06
1.300000e+02	7.952927e-06	-4.911283e-01	1.048760e-04	6.039092e-05	4.448507e-05
1.310000e+02	6.371904e-06	-4.898022e-01	4.660795e-05	2.967588e-05	1.693207e-05
1.320000e+02	-8.374448e-06	-4.883774e-01	1.075493e-04	4.540018e-05	6.214908e-05
1.330000e+02	-1.066824e-05	-4.870853e-01	5.856895e-05	1.861624e-05	3.995272e-05
1.340000e+02	-2.222450e-05	-4.857892e-01	1.194432e-04	3.749710e-05	8.194610e-05
1.350000e+02	-2.626855e-05	-4.845343e-01	6.845402e-05	7.958455e-06	6.049556e-05
1.360000e+02	-3.720242e-05	-4.833386e-01	1.209903e-04	2.329274e-05	9.769757e-05
1.370000e+02	-3.995297e-05	-4.821802e-01	6.770806e-05	-6.098941e-06	7.380700e-05
1.380000e+02	-4.899066e-05	-4.810488e-01	1.171677e-04	9.593181e-06	1.075745e-04
1.390000e+02	-5.069277e-05	-4.799350e-01	6.248120e-05	-1.945217e-05	8.193337e-05
1.400000e+02	-5.954605e-05	-4.788336e-01	1.188984e-04	-9.687175e-08	1.189952e-04
1.410000e+02	-6.186490e-05	-4.777688e-01	6.457757e-05	-2.957611e-05	9.415368e-05
1.420000e+02	-7.023687e-05	-4.767303e-01	1.166684e-04	-1.190265e-05	1.285711e-04
1.430000e+02	-7.125418e-05	-4.757247e-01	6.130376e-05	-4.060230e-05	1.019061e-04
1.440000e+02	-7.751159e-05	-4.747361e-01	1.109939e-04	-2.201462e-05	1.330086e-04
1.450000e+02	-7.742839e-05	-4.737639e-01	5.720823e-05	-4.882428e-05	1.060325e-04
1.460000e+02	-8.443929e-05	-4.728199e-01	1.051115e-04	-3.188354e-05	1.369950e-04
1.470000e+02	-8.451916e-05	-4.718862e-01	4.696655e-05	-6.103588e-05	1.080024e-04
1.480000e+02	-9.000442e-05	-4.709808e-01	9.485656e-05	-4.257614e-05	1.374327e-04
1.490000e+02	-8.837937e-05	-4.700853e-01	3.788653e-05	-6.943611e-05	1.073226e-04
1.500000e+02	-9.282171e-05	-4.692131e-01	8.544512e-05	-5.009915e-05	1.355443e-04
1.510000e+02	-9.075858e-05	-4.683459e-01	2.774152e-05	-7.688782e-05	1.046293e-04
1.520000e+02	-9.501561e-05	-4.675010e-01	7.387289e-05	-5.807917e-05	1.319521e-04
1.530000e+02	-9.166222e-05	-4.667227e-01	1.272853e-05	-8.529796e-05	9.802649e-05
1.540000e+02	-9.523102e-05	-4.658902e-01	5.817011e-05	-6.614597e-05	1.243161e-04
1.550000e+02	-9.134516e-05	-4.650867e-01	-6.716297e-07	-9.168097e-05	9.100934e-05
1.560000e+02	-9.453044e-05	-4.642467e-01	4.483220e-05	-7.211434e-05	1.169465e-04
1.570000e+02	-9.011430e-05	-4.634699e-01	-1.470084e-05	-9.746472e-05	8.276388e-05
1.580000e+02	-9.234683e-05	-4.627238e-01	2.777309e-05	-7.846028e-05	1.062334e-04
1.590000e+02	-8.729077e-05	-4.619684e-01	-3.126953e-05	-1.029255e-04	7.165600e-05
1.600000e+02	-8.922100e-05	-4.611929e-01	1.244707e-05	-8.299747e-05	9.544453e-05
1.610000e+02	-8.379989e-05	-4.604130e-01	-4.612238e-05	-1.068611e-04	6.073870e-05
1.620000e+02	-8.531195e-05	-4.596487e-01	-4.961851e-06	-8.779288e-05	8.283103e-05
1.630000e+02	-7.957118e-05	-4.589011e-01	-6.243589e-05	-1.107891e-04	4.835324e-05
1.640000e+02	-8.058223e-05	-4.581673e-01	-2.056277e-05	-9.086361e-05	7.030085e-05
1.650000e+02	-7.451574e-05	-4.574331e-01	-7.767367e-05	-1.133526e-04	3.567890e-05
1.660000e+02	-7.511233e-05	-4.566985e-01	-3.727365e-05	-9.374915e-05	5.647550e-05
1.670000e+02	-6.902632e-05	-4.559595e-01	-9.333126e-05	-1.156920e-04	2.236069e-05
1.680000e+02	-6.967669e-05	-4.552321e-01	-5.229166e-05	-9.582252e-05	4.353086e-05
1.690000e+02	-6.303497e-05	-4.545044e-01	-1.081992e-04	-1.171346e-04	8.935361e-06
1.700000e+02	-6.309750e-05	-4.537918e-01	-6.675013e-05	-9.647256e-05	2.972244e-05
1.710000e+02	-5.668357e-05	-4.530746e-01	-1.224531e-04	-1.179101e-04	-4.542973e-06
1.720000e+02	-5.662454e-05	-4.523683e-01	-8.043021e-05	-9.683964e-05	1.640944e-05
1.730000e+02	-5.068205e-05	-4.516631e-01	-1.360919e-04	-1.187280e-04	-1.736392e-05
1.740000e+02	-4.966568e-05	-4.509413e-01	-9.432533e-05	-9.682834e-05	2.503011e-06
1.750000e+02	-4.291643e-05	-4.502075e-01	-1.514881e-04	-1.186605e-04	-3.282761e-05
1.760000e+02	-4.236510e-05	-4.495268e-01	-1.074135e-04	-9.607185e-05	-1.134164e-05
1.770000e+02	-3.760355e-05	-4.488506e-01	-1.603777e-04	-1.177924e-04	-4.258532e-05
1.780000e+02	-3.685003e-05	-4.481836e-01	-1.157979e-04	-9.474896e-05	-2.104890e-05
1.790000e+02	-3.107911e-05	-4.474923e-01	-1.711668e-04	-1.166625e-04	-5.450431e-05
1.800000e+02	-2.986964e-05	-4.468048e-01	-1.261906e-04	-9.296493e-05	-3.322566e-05
1.810000e+02	-2.480720e-05	-4.461284e-01	-1.803580e-04	-1.149862e-04	-6.537183e-05
1.820000e+02	-2.407576e-05	-4.454625e-01	-1.331810e-04	-9.066625e-05	-4.251473e-05
1.830000e+02	-1.969074e-05	-4.447855e-01	-1.859365e-04	-1.126590e-04	-7.327752e-05
1.840000e+02	-1.846334e-05	-4.441265e-01	-1.393347e-04	-8.813067e-05	-5.120398e-05
1.850000e+02	-1.412860e-05	-4.434611e-01	-1.922437e-04	-1.102504e-04	-8.199323e-05
1.860000e+02	-1.299578e-05	-4.428126e-01	-1.443410e-04	-8.516628e-05	-5.917473e-05
1.870000e+02	-9.754357e-06	-4.421944e-01	-1.940935e-04	-1.068011e-04	-8.729241e-05
1.880000e+02	-8.993757e-06	-4.415507e-01	-1.443421e-04	-8.116481e-05	-6.317729e-05
1.890000e+02	-5.550526e-06	-4.409098e-01	-1.955797e-04	-1.033404e-04	-9.223933e-05
1.900000e+02	-4.870417e-06	-4.402873e-01	-1.451845e-04	-7.746267e-05	-6.772184e-05
1.910000e+02	-1.723800e-06	-4.396481e-01	-1.961514e-04	-9.979952e-05	-9.635192e-05
1.920000e+02	-1.179572e-06	-4.390166e-01	-1.450274e-04	-7.369328e-05	-7.133414e-05
1.930000e+02	2.108274e-06	-4.383794e-01	-1.974065e-04	-9.659499e-05	-1.008115e-04
1.940000e+02	2.594875e-06	-4.377615e-01	-1.453547e-04	-7.008249e-05	-7.527224e-05
1.950000e+02	5.395499e-06	-4.371403e-01	-1.969776e-04	-9.309331e-05	-1.038843e-04
1.960000e+02	5.475376e-06	-4.365321e-01	-1.435173e-04	-6.628326e-05	-7.723402e-05
1.970000e+02	8.045164e-06	-4.359142e-01	-1.948011e-04	-8.935538e-05	-1.054457e-04
1.980000e+02	8.034300e-06	-4.353078e-01	-1.406978e-04	-6.231459e-05	-7.838319e-05
1.990000e+02	1.052139e-05	-4.346947e-01	-1.923287e-04	-8.564298e-05	-1.066858e-04
2.000000e+02	1.034749e-05	-4.340968e-01	-1.376604e-04	-5.848271e-05	-7.917769e-05
2.010000e+02	1.259659e-05	-4.334919e-01	-1.896867e-04	-8.224673e-05	-1.074399e-04
2.020000e+02	1.221983e-05	-4.329002e-01	-1.338320e-04	-5.469619e-05	-7.913586e-05
2.030000e+02	1.421761e-05	-4.322992e-01	-1.856378e-04	-7.860128e-05	-1.070365e-04
2.040000e+02	1.363243e-05	-4.317111e-01	-1.288032e-04	-5.076919e-05	-7.803405e-05
2.050000e+02	1.539969e-05	-4.311143e-01	-1.809906e-04	-7.509563e-05	-1.058950e-04
2.060000e+02	1.468598e-05	-4.305313e-01	-1.234841e-04	-4.705606e-05	-7.642802e-05
2.070000e+02	1.659863e-05	-4.299397e-01	-1.763408e-04	-7.157176e-05	-1.047690e-04
2.080000e+02	1.556719e-05	-4.293616e-01	-1.175669e-04	-4.321627e-05	-7.435065e-05
2.090000e+02	1.711487e-05	-4.287732e-01	-1.705364e-04	-6.815331e-05	-1.023831e-04
2.100000e+02	1.587879e-05	-4.281982e-01	-1.112633e-04	-3.975288e-05	-7.151045e-05
2.110000e+02	1.742329e-05	-4.276128e-01	-1.647186e-04	-6.493600e-05	-9.978257e-05
2.120000e+02	1.612507e-05	-4.270408e-01	-1.048870e-04	-3.631843e-05	-6.856857e-05
2.130000e+02	1.749338e-05	-4.264589e-01	-1.586002e-04	-6.180670e-05	-9.679346e-05
2.140000e+02	1.600904e-05	-4.258901e-01	-9.819082e-05	-3.308637e-05	-6.510445e-05
2.150000e+02	1.735823e-05	-4.253110e-01	-1.519677e-04	-5.862565e-05	-9.334210e-05
2.160000e+02	1.573480e-05	-4.247450e-01	-9.117451e-05	-2.985245e-05	-6.132206e-05
2.170000e+02	1.708432e-05	-4.241686e-01	-1.452361e-04	-5.553371e-05	-8.970235e-05
2.180000e+02	1.520619e-05	-4.236051e-01	-8.445465e-05	-2.702114e-05	-5.743352e-05
2.190000e+02	1.653682e-05	-4.230312e-01	-1.386408e-04	-5.278359e-05	-8.585723e-05
2.200000e+02	1.443508e-05	-4.224698e-01	-7.754348e-05	-2.433666e-05	-5.320682e-05
2.210000e+02	1.583093e-05	-4.218981e-01	-1.316711e-04	-5.000461e-05	-8.166648e-05
2.220000e+02	1.359788e-05	-4.213394e-01	-7.060108e-05	-2.170266e-05	-4.889842e-05
2.230000e+02	1.529027e-05	-4.207704e-01	-1.254338e-04	-4.742661e-05	-7.800716e-05
2.240000e+02	1.257840e-05	-4.202150e-01	-6.350292e-05	-1.917306e-05	-4.432986e-05
2.250000e+02	1.441890e-05	-4.196490e-01	-1.182828e-04	-4.472249e-05	-7.356030e-05
2.260000e+02	1.146580e-05	-4.190955e-01	-5.690371e-05	-1.698605e-05	-3.991766e-05
2.270000e+02	1.356145e-05	-4.185312e-01	-1.117961e-04	-4.233659e-05	-6.945950e-05
2.280000e+02	1.027162e-05	-4.179807e-01	-5.092116e-05	-1.518896e-05	-3.573220e-05
2.290000e+02	1.271656e-05	-4.174199e-01	-1.052577e-04	-3.991227e-05	-6.534540e-05
2.300000e+02	9.056928e-06	-4.168723e-01	-4.465451e-05	-1.327033e-05	-3.138418e-05
2.310000e+02	1.179693e-05	-4.163146e-01	-9.872856e-05	-3.756735e-05	-6.116121e-05
2.320000e+02	7.883952e-06	-4.157710e-01	-3.884046e-05	-1.153628e-05	-2.730418e-05
2.330000e+02	1.096240e-05	-4.152167e-01	-9.262042e-05	-3.534781e-05	-5.727261e-05
2.340000e+02	6.617129e-06	-4.146756e-01	-3.336984e-05	-1.006779e-05	-2.330205e-05
2.350000e+02	1.008132e-05	-4.141240e-01	-8.666762e-05	-3.325249e-05	-5.341513e-05
2.360000e+02	5.370666e-06	-4.135874e-01	-2.814183e-05	-8.700250e-06	-1.944158e-05
2.370000e+02	9.246420e-06	-4.130411e-01	-8.106905e-05	-3.128811e-05	-4.978095e-05
2.380000e+02	4.139765e-06	-4.125079e-01	-2.300231e-05	-7.361388e-06	-1.564092e-05
2.390000e+02	8.544426e-06	-4.119650e-01	-7.562695e-05	-2.926905e-05	-4.635790e-05
2.400000e+02	3.122996e-06	-4.114362e-01	-1.852694e-05	-6.140473e-06	-1.238647e-05
2.410000e+02	7.815633e-06	-4.108975e-01	-7.077140e-05	-2.757007e-05	-4.320133e-05
2.420000e+02	1.931578e-06	-4.103727e-01	-1.441375e-05	-5.275296e-06	-9.138452e-06
2.430000e+02	7.129135e-06	-4.098389e-01	-6.586132e-05	-2.580152e-05	-4.005979e-05
2.440000e+02	9.540181e-07	-4.093215e-01	-1.042442e-05	-4.258192e-06	-6.166228e-06
2.450000e+02	6.537060e-06	-4.087929e-01	-6.145119e-05	-2.418853e-05	-3.726265e-05
2.460000e+02	2.615606e-07	-4.082770e-01	-6.391634e-06	-2.934256e-06	-3.457377e-06
2.470000e+02	5.959106e-06	-4.077520e-01	-5.749413e-05	-2.278796e-05	-3.470617e-05
2.480000e+02	-6.984524e-07	-4.072427e-01	-3.457413e-06	-2.427159e-06	-1.030254e-06
2.490000e+02	5.416430e-06	-4.067246e-01	-5.452835e-05	-2.184774e-05	-3.268060e-05
2.500000e+02	-1.298843e-06	-4.062211e-01	1.367035e-08	-1.292008e-06	1.305679e-06
2.510000e+02	4.987003e-06	-4.057081e-01	-5.059084e-05	-2.030842e-05	-3.028243e-05
2.520000e+02	-1.869089e-06	-4.052098e-01	3.155472e-06	-2.913535e-07	3.446825e-06
2.530000e+02	4.566257e-06	-4.047019e-01	-4.780283e-05	-1.933516e-05	-2.846767e-05
2.540000e+02	-2.348402e-06	-4.042087e-01	5.470608e-06	3.869026e-07	5.083706e-06
2.550000e+02	4.297273e-06	-4.037068e-01	-4.517716e-05	-1.829131e-05	-2.688585e-05
2.560000e+02	-2.817756e-06	-4.032209e-01	7.689356e-06	1.026922e-06	6.662434e-06
2.570000e+02	4.046257e-06	-4.027251e-01	-4.264872e-05	-1.727810e-05	-2.537061e-05
2.580000e+02	-2.959498e-06	-4.022416e-01	1.013359e-05	2.107299e-06	8.026295e-06
2.590000e+02	4.072841e-06	-4.017514e-01	-4.011116e-05	-1.598274e-05	-2.412842e-05
2.600000e+02	-3.411972e-06	-4.012780e-01	1.137256e-05	2.274309e-06	9.098252e-06
2.610000e+02	3.536284e-06	-4.007949e-01	-3.927867e-05	-1.610305e-05	-2.317562e-05
2.620000e+02	-3.299319e-06	-4.003233e-01	1.340235e-05	3.401856e-06	1.000049e-05
2.630000e+02	4.171879e-06	-3.998450e-01	-3.623164e-05	-1.394394e-05	-2.228770e-05
2.640000e+02	-3.529591e-06	-3.993832e-01	1.459548e-05	3.768148e-06	1.082733e-05
2.650000e+02	3.372824e-06	-3.989124e-01	-3.655661e-05	-1.490548e-05	-2.165113e-05
2.660000e+02	-3.425740e-06	-3.984517e-01	1.586501e-05	4.506767e-06	1.135825e-05
2.670000e+02	4.080958e-06	-3.979856e-01	-3.399377e-05	-1.291593e-05	-2.107784e-05
2.680000e+02	-3.141665e-06	-3.975358e-01	1.736455e-05	5.540609e-06	1.182394e-05
2.690000e+02	3.707952e-06	-3.970796e-01	-3.462444e-05	-1.360427e-05	-2.102017e-05
2.700000e+02	-3.173230e-06	-3.966347e-01	1.745051e-05	5.552023e-06	1.189848e-05
2.710000e+02	4.032090e-06	-3.961758e-01	-3.200029e-05	-1.196806e-05	-2.003224e-05
2.720000e+02	-3.055133e-06	-3.957402e-01	1.933444e-05	6.612090e-06	1.272236e-05
2.730000e+02	4.377796e-06	-3.953052e-01	-3.303742e-05	-1.214091e-05	-2.089651e-05
2.740000e+02	-2.383945e-06	-3.948750e-01	1.842629e-05	6.829202e-06	1.159709e-05
2.750000e+02	4.444317e-06	-3.944181e-01	-3.145935e-05	-1.128536e-05	-2.017399e-05
2.760000e+02	-2.710309e-06	-3.939743e-01	1.989748e-05	7.238432e-06	1.265905e-05
2.770000e+02	4.244066e-06	-3.935308e-01	-3.079015e-05	-1.115101e-05	-1.963914e-05
2.780000e+02	-2.541039e-06	-3.931115e-01	1.997217e-05	7.445044e-06	1.252712e-05
2.790000e+02	4.901450e-06	-3.926982e-01	-3.117145e-05	-1.068427e-05	-2.048717e-05
2.800000e+02	-1.727002e-06	-3.922858e-01	1.980271e-05	8.174352e-06	1.162836e-05
2.810000e+02	5.152820e-06	-3.918616e-01	-3.120653e-05	-1.045045e-05	-2.075609e-05
2.820000e+02	-1.714518e-06	-3.914309e-01	2.077755e-05	8.674255e-06	1.210329e-05
2.830000e+02	5.142746e-06	-3.909889e-01	-3.026792e-05	-9.991215e-06	-2.027671e-05
2.840000e+02	-1.504250e-06	-3.905777e-01	2.095737e-05	8.974435e-06	1.198294e-05
2.850000e+02	5.687638e-06	-3.901656e-01	-3.043507e-05	-9.529895e-06	-2.090517e-05
2.860000e+02	-1.151523e-06	-3.897689e-01	2.056177e-05	9.129360e-06	1.143241e-05
2.870000e+02	5.876669e-06	-3.893560e-01	-3.045312e-05	-9.349892e-06	-2.110323e-05
2.880000e+02	-7.986952e-07	-3.889535e-01	2.148754e-05	9.945075e-06	1.154247e-05
2.890000e+02	6.286086e-06	-3.885439e-01	-2.995881e-05	-8.693320e-06	-2.126549e-05
2.900000e+02	-7.727585e-07	-3.881290e-01	2.181904e-05	1.013676e-05	1.168228e-05
2.910000e+02	6.059182e-06	-3.877227e-01	-3.007716e-05	-8.979400e-06	-2.109776e-05
2.920000e+02	-1.162019e-07	-3.873461e-01	2.163066e-05	1.069913e-05	1.093153e-05
2.930000e+02	6.757720e-06	-3.869524e-01	-3.039490e-05	-8.439729e-06	-2.195517e-05
2.940000e+02	-1.635260e-07	-3.865486e-01	2.208238e-05	1.087767e-05	1.120472e-05
2.950000e+02	6.962048e-06	-3.861629e-01	-2.978251e-05	-7.929206e-06	-2.185330e-05
2.960000e+02	2.466880e-07	-3.857827e-01	2.126622e-05	1.087980e-05	1.038642e-05
2.970000e+02	7.248616e-06	-3.853839e-01	-3.025832e-05	-7.880545e-06	-2.237778e-05
2.980000e+02	3.337001e-07	-3.849882e-01	2.216334e-05	1.141537e-05	1.074797e-05
2.990000e+02	7.366207e-06	-3.846006e-01	-2.911275e-05	-7.190170e-06	-2.192258e-05
3.000000e+02	5.331550e-07	-3.842227e-01	2.262829e-05	1.184730e-05	1.078099e-05
3.010000e+02	7.318295e-06	-3.838368e-01	-2.955300e-05	-7.458203e-06	-2.209479e-05
3.020000e+02	7.645845e-07	-3.834783e-01	2.127733e-05	1.140325e-05	9.874081e-06
3.030000e+02	8.228993e-06	-3.831176e-01	-3.066614e-05	-7.104076e-06	-2.356206e-05
3.040000e+02	1.399388e-06	-3.827455e-01	2.123077e-05	1.201477e-05	9.215996e-06
3.050000e+02	7.844167e-06	-3.823422e-01	-2.986534e-05	-7.088505e-06	-2.277684e-05
3.060000e+02	9.636127e-07	-3.819580e-01	2.287861e-05	1.240292e-05	1.047569e-05
3.070000e+02	8.272350e-06	-3.816000e-01	-2.900471e-05	-6.230002e-06	-2.277470e-05
3.080000e+02	1.574495e-06	-3.812463e-01	2.237701e-05	1.276300e-05	9.614010e-06
3.090000e+02	8.223193e-06	-3.808733e-01	-2.994227e-05	-6.747943e-06	-2.319433e-05
3.100000e+02	1.530868e-06	-3.805217e-01	2.152703e-05	1.229438e-05	9.232648e-06
3.110000e+02	8.598841e-06	-3.801560e-01	-2.998070e-05	-6.391506e-06	-2.358919e-05
3.120000e+02	1.873165e-06	-3.797878e-01	2.288388e-05	1.331511e-05	9.568777e-06
3.130000e+02	8.616030e-06	-3.794232e-01	-2.923383e-05	-6.000885e-06	-2.323295e-05
3.140000e+02	1.716955e-06	-3.790699e-01	2.253108e-05	1.298250e-05	9.548586e-06
3.150000e+02	8.803967e-06	-3.787243e-01	-2.989903e-05	-6.145548e-06	-2.375348e-05
3.160000e+02	2.120824e-06	-3.783731e-01	2.247851e-05	1.336008e-05	9.118434e-06
3.170000e+02	8.683270e-06	-3.780033e-01	-2.935928e-05	-5.996369e-06	-2.336291e-05
3.180000e+02	2.144575e-06	-3.776646e-01	2.252917e-05	1.340916e-05	9.120012e-06
3.190000e+02	9.023312e-06	-3.773112e-01	-2.955613e-05	-5.754754e-06	-2.380138e-05
3.200000e+02	2.376425e-06	-3.769795e-01	2.210627e-05	1.342956e-05	8.676710e-06
3.210000e+02	9.142479e-06	-3.766341e-01	-3.023192e-05	-5.973482e-06	-2.425844e-05
3.220000e+02	2.342955e-06	-3.762811e-01	2.272953e-05	1.370772e-05	9.021811e-06
3.230000e+02	9.024965e-06	-3.759154e-01	-2.865657e-05	-5.303318e-06	-2.335325e-05
3.240000e+02	2.242418e-06	-3.755915e-01	2.255083e-05	1.351783e-05	9.032996e-06
3.250000e+02	8.960723e-06	-3.752585e-01	-2.962399e-05	-5.851274e-06	-2.377272e-05
3.260000e+02	2.614352e-06	-3.749412e-01	2.259145e-05	1.391008e-05	8.681373e-06
3.270000e+02	9.522352e-06	-3.745977e-01	-2.956131e-05	-5.258301e-06	-2.430301e-05
3.280000e+02	2.696719e-06	-3.742616e-01	2.229318e-05	1.384331e-05	8.449869e-06
3.290000e+02	9.006873e-06	-3.739121e-01	-2.952476e-05	-5.755506e-06	-2.376925e-05
3.300000e+02	2.551436e-06	-3.735995e-01	2.257790e-05	1.384039e-05	8.737516e-06
3.310000e+02	9.631614e-06	-3.732759e-01	-2.977676e-05	-5.256768e-06	-2.452000e-05
3.320000e+02	3.049492e-06	-3.729513e-01	2.264443e-05	1.437170e-05	8.272721e-06
3.330000e+02	9.350929e-06	-3.725945e-01	-2.934660e-05	-5.322373e-06	-2.402423e-05
3.340000e+02	2.747027e-06	-3.722820e-01	2.275387e-05	1.412396e-05	8.629908e-06
3.350000e+02	9.597408e-06	-3.719601e-01	-2.958068e-05	-5.192930e-06	-2.438775e-05
3.360000e+02	2.878709e-06	-3.716482e-01	2.265255e-05	1.420498e-05	8.447564e-06
3.370000e+02	9.494554e-06	-3.713302e-01	-2.940725e-05	-5.209072e-06	-2.419818e-05
3.380000e+02	2.954525e-06	-3.710208e-01	2.292191e-05	1.441548e-05	8.506432e-06
3.390000e+02	9.815673e-06	-3.706889e-01	-2.934397e-05	-4.856313e-06	-2.448766e-05
3.400000e+02	3.077039e-06	-3.703703e-01	2.291275e-05	1.453341e-05	8.379334e-06
3.410000e+02	9.704569e-06	-3.700546e-01	-2.972108e-05	-5.155972e-06	-2.456511e-05
3.420000e+02	2.952676e-06	-3.697498e-01	2.269821e-05	1.430178e-05	8.396428e-06
3.430000e+02	9.896358e-06	-3.694358e-01	-2.927307e-05	-4.740179e-06	-2.453290e-05
3.440000e+02	3.182475e-06	-3.691263e-01	2.340289e-05	1.488392e-05	8.518971e-06
3.450000e+02	9.701796e-06	-3.688019e-01	-2.899539e-05	-4.795899e-06	-2.419949e-05
3.460000e+02	2.944463e-06	-3.685011e-01	2.310269e-05	1.449581e-05	8.606883e-06
3.470000e+02	9.770675e-06	-3.681922e-01	-2.928085e-05	-4.869750e-06	-2.441110e-05
3.480000e+02	3.048874e-06	-3.678958e-01	2.305864e-05	1.457819e-05	8.480444e-06
3.490000e+02	9.801570e-06	-3.675817e-01	-2.894545e-05	-4.671154e-06	-2.427429e-05
3.500000e+02	3.177918e-06	-3.672836e-01	2.369535e-05	1.502560e-05	8.669759e-06
3.510000e+02	9.569063e-06	-3.669727e-01	-2.913367e-05	-4.997771e-06	-2.413590e-05
3.520000e+02	2.939622e-06	-3.666824e-01	2.319278e-05	1.453601e-05	8.656769e-06
3.530000e+02	9.884177e-06	-3.663973e-01	-2.902991e-05	-4.630780e-06	-2.439913e-05
3.540000e+02	3.304178e-06	-3.661023e-01	2.378802e-05	1.519819e-05	8.589830e-06
3.550000e+02	9.700504e-06	-3.657949e-01	-2.871011e-05	-4.654550e-06	-2.405556e-05
3.560000e+02	2.896396e-06	-3.654931e-01	2.373896e-05	1.476588e-05	8.973083e-06
3.570000e+02	9.492981e-06	-3.651917e-01	-2.845383e-05	-4.733933e-06	-2.371990e-05
3.580000e+02	3.012308e-06	-3.649073e-01	2.417455e-05	1.509958e-05	9.074966e-06
3.590000e+02	9.664163e-06	-3.646200e-01	-2.854708e-05	-4.609377e-06	-2.393770e-05
3.600000e+02	3.017172e-06	-3.643355e-01	2.380405e-05	1.491920e-05	8.884855e-06
3.610000e+02	9.562039e-06	-3.640308e-01	-2.879132e-05	-4.833623e-06	-2.395770e-05
3.620000e+02	3.104600e-06	-3.637460e-01	2.412190e-05	1.516555e-05	8.956351e-06
3.630000e+02	9.630945e-06	-3.634656e-01	-2.859920e-05	-4.668655e-06	-2.393054e-05
3.640000e+02	3.091122e-06	-3.631859e-01	2.437119e-05	1.527672e-05	9.094475e-06
3.650000e+02	9.363131e-06	-3.628882e-01	-2.826715e-05	-4.770444e-06	-2.349671e-05
3.660000e+02	2.988126e-06	-3.626118e-01	2.446855e-05	1.522240e-05	9.246150e-06
3.670000e+02	9.569328e-06	-3.623345e-01	-2.854409e-05	-4.702719e-06	-2.384138e-05
3.680000e+02	3.123889e-06	-3.620559e-01	2.448510e-05	1.536644e-05	9.118663e-06
3.690000e+02	9.561740e-06	-3.617722e-01	-2.837404e-05	-4.625280e-06	-2.374876e-05
3.700000e+02	2.977543e-06	-3.614941e-01	2.473757e-05	1.534633e-05	9.391241e-06
3.710000e+02	9.375124e-06	-3.612129e-01	-2.832534e-05	-4.787545e-06	-2.353779e-05
3.720000e+02	2.929669e-06	-3.609387e-01	2.479680e-05	1.532807e-05	9.468729e-06
3.730000e+02	9.340741e-06	-3.606506e-01	-2.776458e-05	-4.541547e-06	-2.322303e-05
3.740000e+02	2.911063e-06	-3.603821e-01	2.524159e-05	1.553186e-05	9.709734e-06
3.750000e+02	9.377010e-06	-3.601167e-01	-2.834924e-05	-4.797609e-06	-2.355163e-05
3.760000e+02	3.017833e-06	-3.598530e-01	2.482592e-05	1.543079e-05	9.395124e-06
3.770000e+02	9.524280e-06	-3.595772e-01	-2.796486e-05	-4.458150e-06	-2.350671e-05
3.780000e+02	2.852599e-06	-3.593057e-01	2.514717e-05	1.542618e-05	9.720986e-06
3.790000e+02	9.301650e-06	-3.590345e-01	-2.817478e-05	-4.785741e-06	-2.338904e-05
3.800000e+02	2.930503e-06	-3.587756e-01	2.476449e-05	1.531275e-05	9.451744e-06
3.810000e+02	9.551600e-06	-3.585078e-01	-2.802146e-05	-4.459129e-06	-2.356233e-05
3.820000e+02	2.929979e-06	-3.582410e-01	2.526156e-05	1.556076e-05	9.700802e-06
3.830000e+02	9.337034e-06	-3.579720e-01	-2.783643e-05	-4.581182e-06	-2.325525e-05
3.840000e+02	2.852097e-06	-3.577113e-01	2.530115e-05	1.550267e-05	9.798478e-06
3.850000e+02	9.182565e-06	-3.574445e-01	-2.811162e-05	-4.873243e-06	-2.323837e-05
3.860000e+02	2.901320e-06	-3.571919e-01	2.519968e-05	1.550116e-05	9.698522e-06
3.870000e+02	9.461098e-06	-3.569327e-01	-2.789289e-05	-4.485349e-06	-2.340754e-05
3.880000e+02	2.965342e-06	-3.566768e-01	2.530404e-05	1.561736e-05	9.686678e-06
3.890000e+02	9.308517e-06	-3.564130e-01	-2.785731e-05	-4.620138e-06	-2.323717e-05
3.900000e+02	2.761233e-06	-3.561527e-01	2.563464e-05	1.557855e-05	1.005609e-05
3.910000e+02	9.122295e-06	-3.558805e-01	-2.717377e-05	-4.464588e-06	-2.270918e-05
3.920000e+02	2.794107e-06	-3.556322e-01	2.610329e-05	1.584575e-05	1.025754e-05
3.930000e+02	9.093196e-06	-3.553828e-01	-2.775824e-05	-4.785926e-06	-2.297232e-05
3.940000e+02	2.767891e-06	-3.551394e-01	2.556278e-05	1.554928e-05	1.001350e-05
3.950000e+02	9.203401e-06	-3.548844e-01	-2.767687e-05	-4.635032e-06	-2.304183e-05
3.960000e+02	2.902151e-06	-3.546305e-01	2.615598e-05	1.598014e-05	1.017584e-05
3.970000e+02	8.989912e-06	-3.543610e-01	-2.709868e-05	-4.559429e-06	-2.253925e-05
3.980000e+02	2.553584e-06	-3.541164e-01	2.622202e-05	1.566460e-05	1.055743e-05
3.990000e+02	9.077138e-06	-3.538781e-01	-2.748909e-05	-4.667408e-06	-2.282168e-05
4.000000e+02	2.865475e-06	-3.536412e-01	2.605313e-05	1.589204e-05	1.016109e-05
4.010000e+02	9.125178e-06	-3.533844e-01	-2.735976e-05	-4.554703e-06	-2.280506e-05
4.020000e+02	2.582239e-06	-3.531362e-01	2.594157e-05	1.555302e-05	1.038854e-05
4.030000e+02	9.032652e-06	-3.528866e-01	-2.725203e-05	-4.593364e-06	-2.265867e-05
4.040000e+02	2.634215e-06	-3.526464e-01	2.626348e-05	1.576596e-05	1.049753e-05
4.050000e+02	9.105674e-06	-3.523996e-01	-2.691494e-05	-4.351794e-06	-2.256314e-05
4.060000e+02	2.535019e-06	-3.521639e-01	2.601838e-05	1.554421e-05	1.047417e-05
4.070000e+02	9.096712e-06	-3.519250e-01	-2.726017e-05	-4.533375e-06	-2.272680e-05
4.080000e+02	2.687652e-06	-3.516856e-01	2.635764e-05	1.586647e-05	1.049117e-05
4.090000e+02	8.987038e-06	-3.514328e-01	-2.676551e-05	-4.395718e-06	-2.236979e-05
4.100000e+02	2.508043e-06	-3.511956e-01	2.653923e-05	1.577766e-05	1.076157e-05
4.110000e+02	8.934300e-06	-3.509557e-01	-2.695308e-05	-4.542241e-06	-2.241084e-05
4.120000e+02	2.510028e-06	-3.507287e-01	2.621445e-05	1.561725e-05	1.059720e-05
4.130000e+02	9.048068e-06	-3.504944e-01	-2.709530e-05	-4.499584e-06	-2.259572e-05
4.140000e+02	2.623704e-06	-3.502598e-01	2.657150e-05	1.590945e-05	1.066205e-05
4.150000e+02	8.977548e-06	-3.500150e-01	-2.667710e-05	-4.361000e-06	-2.231610e-05
4.160000e+02	2.357741e-06	-3.497811e-01	2.649134e-05	1.560341e-05	1.088793e-05
4.170000e+02	8.861351e-06	-3.495458e-01	-2.675623e-05	-4.516762e-06	-2.223946e-05
4.180000e+02	2.422770e-06	-3.493114e-01	2.723650e-05	1.604102e-05	1.119548e-05
4.190000e+02	8.880715e-06	-3.490827e-01	-2.643623e-05	-4.337399e-06	-2.209883e-05
4.200000e+02	2.571599e-06	-3.488612e-01	2.670837e-05	1.592578e-05	1.078259e-05
4.210000e+02	8.764421e-06	-3.486240e-01	-2.699276e-05	-4.731958e-06	-2.226080e-05
4.220000e+02	2.407450e-06	-3.483970e-01	2.685874e-05	1.583682e-05	1.102192e-05
4.230000e+02	8.771886e-06	-3.481671e-01	-2.649648e-05	-4.476352e-06	-2.202012e-05
4.240000e+02	2.593677e-06	-3.479437e-01	2.727600e-05	1.623168e-05	1.104432e-05
4.250000e+02	8.798589e-06	-3.477121e-01	-2.652256e-05	-4.462691e-06	-2.205987e-05
4.260000e+02	2.351739e-06	-3.474913e-01	2.666081e-05	1.568214e-05	1.097867e-05
4.270000e+02	8.684213e-06	-3.472653e-01	-2.687893e-05	-4.755251e-06	-2.212368e-05
4.280000e+02	2.505525e-06	-3.470448e-01	2.703742e-05	1.602423e-05	1.101319e-05
4.290000e+02	8.879054e-06	-3.468148e-01	-2.619589e-05	-4.218891e-06	-2.197700e-05
4.300000e+02	2.339095e-06	-3.465940e-01	2.700280e-05	1.584049e-05	1.116230e-05
4.310000e+02	8.676238e-06	-3.463717e-01	-2.659658e-05	-4.622052e-06	-2.197453e-05
4.320000e+02	2.418745e-06	-3.461548e-01	2.720963e-05	1.602356e-05	1.118607e-05
4.330000e+02	8.733445e-06	-3.459259e-01	-2.612614e-05	-4.329627e-06	-2.179652e-05
4.340000e+02	2.225201e-06	-3.457009e-01	2.783102e-05	1.614071e-05	1.169031e-05
4.350000e+02	8.471441e-06	-3.454780e-01	-2.604024e-05	-4.548677e-06	-2.149156e-05
4.360000e+02	2.301281e-06	-3.452720e-01	2.715618e-05	1.587937e-05	1.127681e-05
4.370000e+02	8.764943e-06	-3.450582e-01	-2.640303e-05	-4.436571e-06	-2.196646e-05
4.380000e+02	2.357189e-06	-3.448456e-01	2.717755e-05	1.594596e-05	1.123159e-05
4.390000e+02	8.707410e-06	-3.446258e-01	-2.614404e-05	-4.364608e-06	-2.177943e-05
4.400000e+02	2.248109e-06	-3.444022e-01	2.789204e-05	1.619413e-05	1.169791e-05
4.410000e+02	8.404739e-06	-3.441713e-01	-2.562539e-05	-4.407957e-06	-2.121743e-05
4.420000e+02	2.068444e-06	-3.439689e-01	2.722333e-05	1.568011e-05	1.154322e-05
4.430000e+02	8.683193e-06	-3.437685e-01	-2.628878e-05	-4.461196e-06	-2.182758e-05
4.440000e+02	2.428133e-06	-3.435652e-01	2.735322e-05	1.610474e-05	1.124848e-05
4.450000e+02	8.640001e-06	-3.433410e-01	-2.600230e-05	-4.361151e-06	-2.164115e-05
4.460000e+02	2.098421e-06	-3.431277e-01	2.728746e-05	1.574215e-05	1.154531e-05
4.470000e+02	8.513646e-06	-3.429144e-01	-2.610321e-05	-4.537958e-06	-2.156525e-05
4.480000e+02	2.228843e-06	-3.427110e-01	2.739720e-05	1.592744e-05	1.146976e-05
4.490000e+02	8.594878e-06	-3.424996e-01	-2.595389e-05	-4.382066e-06	-2.157182e-05
4.500000e+02	2.149419e-06	-3.422962e-01	2.740502e-05	1.585193e-05	1.155309e-05
4.510000e+02	8.577972e-06	-3.420865e-01	-2.591304e-05	-4.378549e-06	-2.153449e-05
4.520000e+02	2.212812e-06	-3.418819e-01	2.757674e-05	1.600118e-05	1.157556e-05
4.530000e+02	8.503314e-06	-3.416681e-01	-2.595733e-05	-4.475350e-06	-2.148198e-05
4.540000e+02	2.108503e-06	-3.414658e-01	2.759515e-05	1.590608e-05	1.168907e-05
4.550000e+02	8.494353e-06	-3.412593e-01	-2.575095e-05	-4.381120e-06	-2.136983e-05
4.560000e+02	2.105045e-06	-3.410546e-01	2.817670e-05	1.619339e-05	1.198330e-05
4.570000e+02	8.341505e-06	-3.408460e-01	-2.566326e-05	-4.490125e-06	-2.117314e-05
4.580000e+02	2.111655e-06	-3.406537e-01	2.731179e-05	1.576755e-05	1.154424e-05
4.590000e+02	8.557929e-06	-3.404539e-01	-2.620078e-05	-4.542462e-06	-2.165832e-05
4.600000e+02	2.249854e-06	-3.402542e-01	2.775169e-05	1.612570e-05	1.162599e-05
4.610000e+02	8.231921e-06	-3.400320e-01	-2.549354e-05	-4.514848e-06	-2.097869e-05
4.620000e+02	1.851273e-06	-3.398276e-01	2.843837e-05	1.607046e-05	1.236791e-05
4.630000e+02	8.308315e-06	-3.396372e-01	-2.551651e-05	-4.449942e-06	-2.106657e-05
4.640000e+02	2.268722e-06	-3.394552e-01	2.772499e-05	1.613122e-05	1.159377e-05
4.650000e+02	8.489066e-06	-3.392526e-01	-2.595616e-05	-4.489015e-06	-2.146715e-05
4.660000e+02	1.961872e-06	-3.390546e-01	2.749836e-05	1.571105e-05	1.178731e-05
4.670000e+02	8.331355e-06	-3.388529e-01	-2.584712e-05	-4.592205e-06	-2.125492e-05
4.680000e+02	2.090790e-06	-3.386518e-01	2.854342e-05	1.636250e-05	1.218092e-05
4.690000e+02	8.329801e-06	-3.384488e-01	-2.515766e-05	-4.249028e-06	-2.090863e-05
4.700000e+02	2.027877e-06	-3.382641e-01	2.787770e-05	1.596673e-05	1.191098e-05
4.710000e+02	8.220673e-06	-3.380729e-01	-2.623817e-05	-4.898413e-06	-2.133976e-05
4.720000e+02	2.069098e-06	-3.378847e-01	2.779734e-05	1.596777e-05	1.182957e-05
4.730000e+02	8.248949e-06	-3.376769e-01	-2.546199e-05	-4.482046e-06	-2.097994e-05
4.740000e+02	2.002123e-06	-3.374854e-01	2.832106e-05	1.616265e-05	1.215840e-05
4.750000e+02	8.209643e-06	-3.372928e-01	-2.558009e-05	-4.580404e-06	-2.099969e-05
4.760000e+02	1.994035e-06	-3.371041e-01	2.851045e-05	1.624926e-05	1.226119e-05
4.770000e+02	8.214616e-06	-3.369124e-01	-2.543519e-05	-4.502978e-06	-2.093221e-05
4.780000e+02	2.093856e-06	-3.367297e-01	2.811963e-05	1.615367e-05	1.196596e-05
4.790000e+02	8.306311e-06	-3.365367e-01	-2.569028e-05	-4.538831e-06	-2.115145e-05
4.800000e+02	1.976530e-06	-3.363434e-01	2.852538e-05	1.623922e-05	1.228616e-05
4.810000e+02	8.052678e-06	-3.361481e-01	-2.530226e-05	-4.598454e-06	-2.070381e-05
4.820000e+02	1.986149e-06	-3.359686e-01	2.817520e-05	1.607375e-05	1.210145e-05
4.830000e+02	8.253668e-06	-3.357785e-01	-2.550590e-05	-4.499284e-06	-2.100662e-05
4.840000e+02	2.043947e-06	-3.355982e-01	2.824258e-05	1.616523e-05	1.207734e-05
4.850000e+02	8.102692e-06	-3.354033e-01	-2.543255e-05	-4.613584e-06	-2.081897e-05
4.860000e+02	1.828355e-06	-3.352219e-01	2.824372e-05	1.595022e-05	1.229351e-05
4.870000e+02	8.210395e-06	-3.350367e-01	-2.544210e-05	-4.510657e-06	-2.093145e-05
4.880000e+02	1.982952e-06	-3.348522e-01	2.870176e-05	1.633383e-05	1.236793e-05
4.890000e+02	8.116402e-06	-3.346593e-01	-2.513379e-05	-4.450495e-06	-2.068330e-05
4.900000e+02	1.863068e-06	-3.344845e-01	2.808108e-05	1.590361e-05	1.217747e-05
4.910000e+02	8.169947e-06	-3.343024e-01	-2.606375e-05	-4.861928e-06	-2.120182e-05
4.920000e+02	2.050915e-06	-3.341259e-01	2.878730e-05	1.644456e-05	1.234273e-05
4.930000e+02	8.060789e-06	-3.339373e-01	-2.489867e-05	-4.388544e-06	-2.051012e-05
4.940000e+02	1.949064e-06	-3.337584e-01	2.873713e-05	1.631763e-05	1.241950e-05
4.950000e+02	8.104132e-06	-3.335738e-01	-2.620373e-05	-4.997734e-06	-2.120600e-05
4.960000e+02	1.882221e-06	-3.333941e-01	2.853363e-05	1.614904e-05	1.238459e-05
4.970000e+02	7.976761e-06	-3.332072e-01	-2.468461e-05	-4.365542e-06	-2.031907e-05
4.980000e+02	1.833431e-06	-3.330373e-01	2.879450e-05	1.623068e-05	1.256382e-05
4.990000e+02	8.184357e-06	-3.328612e-01	-2.592619e-05	-4.778740e-06	-2.114745e-05
5.000000e+02	1.926375e-06	-3.326844e-01	2.856840e-05	1.621058e-05	1.235783e-05
5.010000e+02	8.039457e-06	-3.324982e-01	-2.484075e-05	-4.380917e-06	-2.045983e-05
5.020000e+02	1.775954e-06	-3.323258e-01	2.872272e-05	1.613731e-05	1.258540e-05
5.030000e+02	8.069203e-06	-3.321469e-01	-2.579084e-05	-4.826217e-06	-2.096462e-05
5.040000e+02	1.782108e-06	-3.319736e-01	2.887862e-05	1.622142e-05	1.265720e-05
5.050000e+02	8.036016e-06	-3.317962e-01	-2.460435e-05	-4.266159e-06	-2.033819e-05
5.060000e+02	1.798242e-06	-3.316239e-01	2.918240e-05	1.638944e-05	1.279296e-05
5.070000e+02	8.045109e-06	-3.314458e-01	-2.515905e-05	-4.534414e-06	-2.062463e-05
5.080000e+02	1.799348e-06	-3.312788e-01	2.823242e-05	1.591556e-05	1.231686e-05
5.090000e+02	8.191233e-06	-3.311052e-01	-2.595087e-05	-4.784200e-06	-2.116667e-05
5.100000e+02	1.819405e-06	-3.309321e-01	2.923536e-05	1.643708e-05	1.279827e-05
5.110000e+02	8.008262e-06	-3.307518e-01	-2.474275e-05	-4.363116e-06	-2.037964e-05
5.120000e+02	1.614410e-06	-3.305860e-01	2.887056e-05	1.604969e-05	1.282087e-05
5.130000e+02	8.103895e-06	-3.304146e-01	-2.489197e-05	-4.342090e-06	-2.054988e-05
5.140000e+02	1.784267e-06	-3.302449e-01	2.902615e-05	1.629734e-05	1.272881e-05
5.150000e+02	7.979062e-06	-3.300705e-01	-2.593845e-05	-4.990161e-06	-2.094829e-05
5.160000e+02	1.653025e-06	-3.299022e-01	2.887670e-05	1.609138e-05	1.278533e-05
5.170000e+02	8.100077e-06	-3.297320e-01	-2.505206e-05	-4.425953e-06	-2.062611e-05
5.180000e+02	1.751853e-06	-3.295666e-01	2.964431e-05	1.657401e-05	1.307030e-05
5.190000e+02	7.963897e-06	-3.293965e-01	-2.534291e-05	-4.707561e-06	-2.063535e-05
5.200000e+02	1.681886e-06	-3.292350e-01	2.868204e-05	1.602291e-05	1.265913e-05
5.210000e+02	8.054913e-06	-3.290626e-01	-2.559947e-05	-4.744822e-06	-2.085465e-05
5.220000e+02	1.715586e-06	-3.288943e-01	2.954673e-05	1.648895e-05	1.305778e-05
5.230000e+02	7.890211e-06	-3.287215e-01	-2.494752e-05	-4.583551e-06	-2.036397e-05
5.240000e+02	1.631435e-06	-3.285647e-01	2.902273e-05	1.614280e-05	1.287993e-05
5.250000e+02	7.892203e-06	-3.283978e-01	-2.585780e-05	-5.036696e-06	-2.082110e-05
5.260000e+02	1.734014e-06	-3.282395e-01	2.887837e-05	1.617320e-05	1.270517e-05
5.270000e+02	8.115560e-06	-3.280709e-01	-2.512168e-05	-4.445281e-06	-2.067640e-05
5.280000e+02	1.717582e-06	-3.279044e-01	2.992213e-05	1.667865e-05	1.324348e-05
5.290000e+02	7.741137e-06	-3.277343e-01	-2.516206e-05	-4.839891e-06	-2.032217e-05
5.300000e+02	1.546833e-06	-3.275759e-01	2.938058e-05	1.623712e-05	1.314346e-05
5.310000e+02	8.006577e-06	-3.274152e-01	-2.524582e-05	-4.616332e-06	-2.062948e-05
5.320000e+02	1.767269e-06	-3.272623e-01	2.910945e-05	1.632199e-05	1.278745e-05
5.330000e+02	8.044639e-06	-3.270971e-01	-2.525059e-05	-4.580657e-06	-2.066994e-05
5.340000e+02	1.625866e-06	-3.269331e-01	2.974152e-05	1.649662e-05	1.324489e-05
5.350000e+02	7.813035e-06	-3.267626e-01	-2.489292e-05	-4.633425e-06	-2.025949e-05
5.360000e+02	1.545044e-06	-3.266100e-01	2.912938e-05	1.610973e-05	1.301965e-05
5.370000e+02	7.823981e-06	-3.264484e-01	-2.555854e-05	-4.955291e-06	-2.060325e-05
5.380000e+02	1.707431e-06	-3.262976e-01	2.930353e-05	1.635920e-05	1.294434e-05
5.390000e+02	8.085960e-06	-3.261369e-01	-2.503125e-05	-4.429664e-06	-2.060158e-05
5.400000e+02	1.644709e-06	-3.259782e-01	2.972903e-05	1.650923e-05	1.321981e-05
5.410000e+02	7.818569e-06	-3.258125e-01	-2.514208e-05	-4.752471e-06	-2.038961e-05
5.420000e+02	1.535774e-06	-3.256560e-01	2.966882e-05	1.637018e-05	1.329864e-05
5.430000e+02	7.871447e-06	-3.254966e-01	-2.505986e-05	-4.658482e-06	-2.040138e-05
5.440000e+02	1.569928e-06	-3.253506e-01	2.922087e-05	1.618036e-05	1.304051e-05
5.450000e+02	7.936391e-06	-3.251917e-01	-2.527915e-05	-4.703183e-06	-2.057597e-05
5.460000e+02	1.614991e-06	-3.250369e-01	2.985200e-05	1.654099e-05	1.331101e-05
5.470000e+02	7.908146e-06	-3.248773e-01	-2.489997e-05	-4.541838e-06	-2.035813e-05
5.480000e+02	1.557399e-06	-3.247237e-01	2.976771e-05	1.644126e-05	1.332646e-05
5.490000e+02	7.798987e-06	-3.245623e-01	-2.512621e-05	-4.764116e-06	-2.036209e-05
5.500000e+02	1.606612e-06	-3.244172e-01	2.948431e-05	1.634877e-05	1.313554e-05
5.510000e+02	7.748366e-06	-3.242612e-01	-2.542553e-05	-4.964399e-06	-2.046113e-05
5.520000e+02	1.588902e-06	-3.241097e-01	3.014614e-05	1.666197e-05	1.348417e-05
5.530000e+02	7.714443e-06	-3.239515e-01	-2.494175e-05	-4.756433e-06	-2.018532e-05
5.540000e+02	1.637557e-06	-3.238068e-01	2.969976e-05	1.648744e-05	1.321232e-05
5.550000e+02	7.800325e-06	-3.236489e-01	-2.545541e-05	-4.927378e-06	-2.052803e-05
5.560000e+02	1.644896e-06	-3.235005e-01	3.003772e-05	1.666376e-05	1.337396e-05
5.570000e+02	7.793144e-06	-3.233483e-01	-2.492451e-05	-4.669108e-06	-2.025540e-05
5.580000e+02	1.629176e-06	-3.232052e-01	2.993479e-05	1.659657e-05	1.333822e-05
5.590000e+02	7.772715e-06	-3.230500e-01	-2.533309e-05	-4.893829e-06	-2.043926e-05
5.600000e+02	1.572245e-06	-3.229005e-01	2.991533e-05	1.652991e-05	1.338542e-05
5.610000e+02	7.699570e-06	-3.227462e-01	-2.513004e-05	-4.865448e-06	-2.026459e-05
5.620000e+02	1.605278e-06	-3.226045e-01	2.982138e-05	1.651597e-05	1.330541e-05
5.630000e+02	7.875809e-06	-3.224532e-01	-2.497784e-05	-4.613113e-06	-2.036473e-05
5.640000e+02	1.593523e-06	-3.223078e-01	3.022111e-05	1.670408e-05	1.351703e-05
5.650000e+02	7.719026e-06	-3.221559e-01	-2.500176e-05	-4.781853e-06	-2.021990e-05
5.660000e+02	1.561863e-06	-3.220143e-01	2.968829e-05	1.640601e-05	1.328228e-05
5.670000e+02	7.822064e-06	-3.218585e-01	-2.499251e-05	-4.674192e-06	-2.031832e-05
5.680000e+02	1.555246e-06	-3.217176e-01	2.996581e-05	1.653815e-05	1.342766e-05
5.690000e+02	7.833894e-06	-3.215709e-01	-2.480864e-05	-4.570424e-06	-2.023821e-05
5.700000e+02	1.530766e-06	-3.214291e-01	3.020660e-05	1.663406e-05	1.357253e-05
5.710000e+02	7.796353e-06	-3.212785e-01	-2.476811e-05	-4.587700e-06	-2.018041e-05
5.720000e+02	1.602344e-06	-3.211389e-01	2.985624e-05	1.653046e-05	1.332578e-05
5.730000e+02	7.829868e-06	-3.209884e-01	-2.500048e-05	-4.670375e-06	-2.033011e-05
5.740000e+02	1.470463e-06	-3.208497e-01	2.986582e-05	1.640337e-05	1.346245e-05
5.750000e+02	7.640945e-06	-3.206993e-01	-2.497644e-05	-4.847275e-06	-2.012916e-05
5.760000e+02	1.553810e-06	-3.205593e-01	3.051943e-05	1.681352e-05	1.370590e-05
5.770000e+02	7.859722e-06	-3.204158e-01	-2.466194e-05	-4.471247e-06	-2.019069e-05
5.780000e+02	1.630102e-06	-3.202771e-01	3.040840e-05	1.683430e-05	1.357410e-05
5.790000e+02	7.667750e-06	-3.201297e-01	-2.501719e-05	-4.840843e-06	-2.017634e-05
5.800000e+02	1.480599e-06	-3.199906e-01	3.035276e-05	1.665698e-05	1.369578e-05
5.810000e+02	7.773217e-06	-3.198452e-01	-2.456662e-05	-4.510092e-06	-2.005653e-05
5.820000e+02	1.610706e-06	-3.197078e-01	3.073151e-05	1.697646e-05	1.375505e-05
5.830000e+02	7.721493e-06	-3.195634e-01	-2.470139e-05	-4.629202e-06	-2.007219e-05
5.840000e+02	1.539289e-06	-3.194311e-01	3.006612e-05	1.657235e-05	1.349377e-05
5.850000e+02	7.608520e-06	-3.192875e-01	-2.522897e-05	-5.005966e-06	-2.022301e-05
5.860000e+02	1.552093e-06	-3.191487e-01	3.069276e-05	1.689848e-05	1.379429e-05
5.870000e+02	7.717749e-06	-3.190027e-01	-2.431793e-05	-4.441216e-06	-1.987671e-05
5.880000e+02	1.603040e-06	-3.188712e-01	3.047403e-05	1.684005e-05	1.363397e-05
5.890000e+02	7.577419e-06	-3.187307e-01	-2.521523e-05	-5.030195e-06	-2.018503e-05
5.900000e+02	1.548958e-06	-3.185951e-01	3.054023e-05	1.681907e-05	1.372116e-05
5.910000e+02	7.675316e-06	-3.184479e-01	-2.442737e-05	-4.538367e-06	-1.988900e-05
5.920000e+02	1.549918e-06	-3.183179e-01	3.049803e-05	1.679893e-05	1.369910e-05
5.930000e+02	7.545417e-06	-3.181775e-01	-2.505924e-05	-4.984203e-06	-2.007504e-05
5.940000e+02	1.477734e-06	-3.180447e-01	3.064523e-05	1.680035e-05	1.384488e-05
5.950000e+02	7.655042e-06	-3.179054e-01	-2.451925e-05	-4.604583e-06	-1.991467e-05
5.960000e+02	1.706993e-06	-3.177771e-01	3.070964e-05	1.706181e-05	1.364783e-05
5.970000e+02	7.747763e-06	-3.176379e-01	-2.482985e-05	-4.667163e-06	-2.016269e-05
5.980000e+02	1.428910e-06	-3.175047e-01	3.045034e-05	1.665408e-05	1.379626e-05
5.990000e+02	7.502214e-06	-3.173617e-01	-2.473484e-05	-4.865207e-06	-1.986963e-05
6.000000e+02	1.516943e-06	-3.172338e-01	3.052085e-05	1.677737e-05	1.374348e-05
6.010000e+02	7.762627e-06	-3.170959e-01	-2.462360e-05	-4.549173e-06	-2.007443e-05
6.020000e+02	1.608928e-06	-3.169693e-01	3.059331e-05	1.690558e-05	1.368772e-05
6.030000e+02	7.582492e-06	-3.168317e-01	-2.494932e-05	-4.892169e-06	-2.005715e-05
6.040000e+02	1.463414e-06	-3.166998e-01	3.082503e-05	1.687593e-05	1.394910e-05
6.050000e+02	7.523673e-06	-3.165598e-01	-2.462160e-05	-4.787128e-06	-1.983447e-05
6.060000e+02	1.539703e-06	-3.164312e-01	3.105332e-05	1.706636e-05	1.398696e-05
6.070000e+02	7.679707e-06	-3.162973e-01	-2.451646e-05	-4.578522e-06	-1.993794e-05
6.080000e+02	1.589782e-06	-3.161752e-01	3.052052e-05	1.685004e-05	1.367048e-05
6.090000e+02	7.653522e-06	-3.160408e-01	-2.489779e-05	-4.795371e-06	-2.010242e-05
6.100000e+02	1.456260e-06	-3.159110e-01	3.079208e-05	1.685230e-05	1.393978e-05
6.110000e+02	7.523312e-06	-3.157721e-01	-2.441651e-05	-4.684942e-06	-1.973157e-05
6.120000e+02	1.422276e-06	-3.156442e-01	3.096915e-05	1.690685e-05	1.406230e-05
6.130000e+02	7.720383e-06	-3.155134e-01	-2.421421e-05	-4.386722e-06	-1.982749e-05
6.140000e+02	1.628005e-06	-3.153901e-01	3.112037e-05	1.718819e-05	1.393218e-05
6.150000e+02	7.607706e-06	-3.152535e-01	-2.434182e-05	-4.563202e-06	-1.977861e-05
6.160000e+02	1.363636e-06	-3.151312e-01	3.035661e-05	1.654194e-05	1.381467e-05
6.170000e+02	7.575381e-06	-3.150003e-01	-2.467204e-05	-4.760637e-06	-1.991140e-05
6.180000e+02	1.524721e-06	-3.148762e-01	3.093724e-05	1.699334e-05	1.394390e-05
6.190000e+02	7.679694e-06	-3.147427e-01	-2.420481e-05	-4.422711e-06	-1.978210e-05
6.200000e+02	1.527964e-06	-3.146206e-01	3.069075e-05	1.687334e-05	1.381741e-05
6.210000e+02	7.542013e-06	-3.144825e-01	-2.451259e-05	-4.714284e-06	-1.979831e-05
6.220000e+02	1.420190e-06	-3.143621e-01	3.066920e-05	1.675479e-05	1.391441e-05
6.230000e+02	7.621562e-06	-3.142342e-01	-2.435701e-05	-4.556944e-06	-1.980007e-05
6.240000e+02	1.547814e-06	-3.141128e-01	3.135138e-05	1.722351e-05	1.412788e-05
6.250000e+02	7.600190e-06	-3.139805e-01	-2.421627e-05	-4.507945e-06	-1.970832e-05
6.260000e+02	1.454404e-06	-3.138614e-01	3.059696e-05	1.675288e-05	1.384408e-05
6.270000e+02	7.606375e-06	-3.137301e-01	-2.463810e-05	-4.712676e-06	-1.992543e-05
6.280000e+02	1.499931e-06	-3.136113e-01	3.093113e-05	1.696549e-05	1.396563e-05
6.290000e+02	7.692296e-06	-3.134818e-01	-2.405119e-05	-4.333299e-06	-1.971789e-05
6.300000e+02	1.456912e-06	-3.133616e-01	3.127174e-05	1.709278e-05	1.417896e-05
6.310000e+02	7.551366e-06	-3.132316e-01	-2.440464e-05	-4.650953e-06	-1.975369e-05
6.320000e+02	1.470471e-06	-3.131150e-01	3.068239e-05	1.681167e-05	1.387072e-05
6.330000e+02	7.624633e-06	-3.129873e-01	-2.442044e-05	-4.585587e-06	-1.983485e-05
6.340000e+02	1.477632e-06	-3.128702e-01	3.105722e-05	1.700624e-05	1.405098e-05
6.350000e+02	7.585502e-06	-3.127351e-01	-2.388547e-05	-4.357231e-06	-1.952824e-05
6.360000e+02	1.384938e-06	-3.126188e-01	3.108336e-05	1.692662e-05	1.415674e-05
6.370000e+02	7.668511e-06	-3.124963e-01	-2.407204e-05	-4.367510e-06	-1.970453e-05
6.380000e+02	1.499785e-06	-3.123811e-01	3.123254e-05	1.711605e-05	1.411648e-05
6.390000e+02	7.601319e-06	-3.122547e-01	-2.410164e-05	-4.449502e-06	-1.965214e-05
6.400000e+02	1.409445e-06	-3.121360e-01	3.129865e-05	1.705877e-05	1.423988e-05
6.410000e+02	7.706859e-06	-3.120099e-01	-2.375175e-05	-4.169014e-06	-1.958273e-05
6.420000e+02	1.505662e-06	-3.118943e-01	3.144075e-05	1.722604e-05	1.421471e-05
6.430000e+02	7.551454e-06	-3.117676e-01	-2.407762e-05	-4.487356e-06	-1.959026e-05
6.440000e+02	1.371905e-06	-3.116553e-01	3.094896e-05	1.684638e-05	1.410257e-05
6.450000e+02	7.509008e-06	-3.115288e-01	-2.420819e-05	-4.595084e-06	-1.961310e-05
6.460000e+02	1.497028e-06	-3.114146e-01	3.164028e-05	1.731717e-05	1.432311e-05
6.470000e+02	7.598305e-06	-3.112922e-01	-2.386393e-05	-4.333658e-06	-1.953027e-05
6.480000e+02	1.502472e-06	-3.111773e-01	3.159396e-05	1.729945e-05	1.429451e-05
6.490000e+02	7.545574e-06	-3.110530e-01	-2.399854e-05	-4.453697e-06	-1.954484e-05
6.500000e+02	1.357593e-06	-3.109387e-01	3.130178e-05	1.700848e-05	1.429330e-05
6.510000e+02	7.529942e-06	-3.108174e-01	-2.397387e-05	-4.456993e-06	-1.951688e-05
6.520000e+02	1.511423e-06	-3.107048e-01	3.173694e-05	1.737989e-05	1.435704e-05
6.530000e+02	7.611248e-06	-3.105804e-01	-2.350388e-05	-4.140691e-06	-1.936319e-05
6.540000e+02	1.421386e-06	-3.104712e-01	3.140578e-05	1.712428e-05	1.428151e-05
6.550000e+02	7.594165e-06	-3.103521e-01	-2.398270e-05	-4.397188e-06	-1.958552e-05
6.560000e+02	1.428391e-06	-3.102402e-01	3.155551e-05	1.720614e-05	1.434936e-05
6.570000e+02	7.507212e-06	-3.101148e-01	-2.363502e-05	-4.310296e-06	-1.932472e-05
6.580000e+02	1.461723e-06	-3.100052e-01	3.160432e-05	1.726388e-05	1.434044e-05
6.590000e+02	7.531476e-06	-3.098869e-01	-2.397311e-05	-4.455080e-06	-1.951803e-05
6.600000e+02	1.444854e-06	-3.097772e-01	3.162788e-05	1.725879e-05	1.436909e-05
6.610000e+02	7.443754e-06	-3.096563e-01	-2.387509e-05	-4.493794e-06	-1.938130e-05
6.620000e+02	1.539724e-06	-3.095478e-01	3.158197e-05	1.733071e-05	1.425126e-05
6.630000e+02	7.540102e-06	-3.094263e-01	-2.391355e-05	-4.416673e-06	-1.949688e-05
6.640000e+02	1.528546e-06	-3.093156e-01	3.192549e-05	1.749129e-05	1.443420e-05
6.650000e+02	7.356845e-06	-3.091972e-01	-2.375968e-05	-4.522997e-06	-1.923669e-05
6.660000e+02	1.507796e-06	-3.090927e-01	3.159077e-05	1.730318e-05	1.428759e-05
6.670000e+02	7.574740e-06	-3.089745e-01	-2.379942e-05	-4.324971e-06	-1.947445e-05
6.680000e+02	1.476320e-06	-3.088652e-01	3.173468e-05	1.734366e-05	1.439102e-05
6.690000e+02	7.460825e-06	-3.087478e-01	-2.354243e-05	-4.310392e-06	-1.923204e-05
6.700000e+02	1.507078e-06	-3.086403e-01	3.198666e-05	1.750041e-05	1.448625e-05
6.710000e+02	7.452125e-06	-3.085152e-01	-2.345948e-05	-4.277613e-06	-1.918186e-05
6.720000e+02	1.396071e-06	-3.084116e-01	3.144309e-05	1.711761e-05	1.432547e-05
6.730000e+02	7.438250e-06	-3.083000e-01	-2.379085e-05	-4.457176e-06	-1.933368e-05
6.740000e+02	1.465364e-06	-3.081962e-01	3.194851e-05	1.743962e-05	1.450889e-05
6.750000e+02	7.494194e-06	-3.080779e-01	-2.330730e-05	-4.159454e-06	-1.914784e-05
6.760000e+02	1.421450e-06	-3.079696e-01	3.195356e-05	1.739823e-05	1.455533e-05
6.770000e+02	7.480824e-06	-3.078531e-01	-2.344025e-05	-4.239302e-06	-1.920095e-05
6.780000e+02	1.464180e-06	-3.077485e-01	3.194719e-05	1.743778e-05	1.450942e-05
6.790000e+02	7.465301e-06	-3.076333e-01	-2.334243e-05	-4.205912e-06	-1.913651e-05
6.800000e+02	1.426250e-06	-3.075328e-01	3.182403e-05	1.733826e-05	1.448576e-05
6.810000e+02	7.473410e-06	-3.074170e-01	-2.344601e-05	-4.249596e-06	-1.919642e-05
6.820000e+02	1.450199e-06	-3.073142e-01	3.172261e-05	1.731150e-05	1.441111e-05
6.830000e+02	7.529935e-06	-3.071996e-01	-2.338643e-05	-4.163278e-06	-1.922315e-05
6.840000e+02	1.411365e-06	-3.070949e-01	3.201435e-05	1.741854e-05	1.459581e-05
6.850000e+02	7.446555e-06	-3.069799e-01	-2.321684e-05	-4.161864e-06	-1.905497e-05
6.860000e+02	1.433073e-06	-3.068772e-01	3.201143e-05	1.743879e-05	1.457264e-05
6.870000e+02	7.437108e-06	-3.067649e-01	-2.342506e-05	-4.275421e-06	-1.914964e-05
6.880000e+02	1.397686e-06	-3.066640e-01	3.182478e-05	1.731008e-05	1.451471e-05
6.890000e+02	7.476363e-06	-3.065534e-01	-2.329178e-05	-4.169526e-06	-1.912225e-05
6.900000e+02	1.516561e-06	-3.064508e-01	3.201922e-05	1.752617e-05	1.449305e-05
6.910000e+02	7.435945e-06	-3.063322e-01	-2.320349e-05	-4.165802e-06	-1.903769e-05
6.920000e+02	1.317969e-06	-3.062304e-01	3.190309e-05	1.726951e-05	1.463358e-05
6.930000e+02	7.427008e-06	-3.061248e-01	-2.317458e-05	-4.160284e-06	-1.901430e-05
6.940000e+02	1.505851e-06	-3.060284e-01	3.203340e-05	1.752255e-05	1.451085e-05
6.950000e+02	7.426705e-06	-3.059167e-01	-2.337239e-05	-4.259491e-06	-1.911290e-05
6.960000e+02	1.438280e-06	-3.058133e-01	3.194840e-05	1.741248e-05	1.453592e-05
6.970000e+02	7.371352e-06	-3.057010e-01	-2.327603e-05	-4.266662e-06	-1.900937e-05
6.980000e+02	1.507740e-06	-3.056006e-01	3.236206e-05	1.768877e-05	1.467329e-05
6.990000e+02	7.473313e-06	-3.054925e-01	-2.296148e-05	-4.007427e-06	-1.895405e-05
7.000000e+02	1.379245e-06	-3.053957e-01	3.195820e-05	1.735835e-05	1.459986e-05
7.010000e+02	7.259811e-06	-3.052860e-01	-2.354244e-05	-4.511407e-06	-1.903103e-05
7.020000e+02	1.505350e-06	-3.051888e-01	3.189064e-05	1.745067e-05	1.443997e-05
7.030000e+02	7.524851e-06	-3.050772e-01	-2.306197e-05	-4.006136e-06	-1.905584e-05
7.040000e+02	1.357054e-06	-3.049799e-01	3.224726e-05	1.748068e-05	1.476657e-05
7.050000e+02	7.332448e-06	-3.048714e-01	-2.336822e-05	-4.351662e-06	-1.901656e-05
7.060000e+02	1.405883e-06	-3.047747e-01	3.184770e-05	1.732973e-05	1.451797e-05
7.070000e+02	7.483030e-06	-3.046680e-01	-2.305998e-05	-4.046960e-06	-1.901302e-05
7.080000e+02	1.495474e-06	-3.045706e-01	3.232258e-05	1.765676e-05	1.466582e-05
7.090000e+02	7.374833e-06	-3.044606e-01	-2.290098e-05	-4.075658e-06	-1.882532e-05
7.100000e+02	1.338206e-06	-3.043632e-01	3.223243e-05	1.745442e-05	1.477801e-05
7.110000e+02	7.408591e-06	-3.042588e-01	-2.296020e-05	-4.071508e-06	-1.888869e-05
7.120000e+02	1.536958e-06	-3.041647e-01	3.232582e-05	1.769987e-05	1.462595e-05
7.130000e+02	7.426442e-06	-3.040579e-01	-2.299914e-05	-4.073126e-06	-1.892601e-05
7.140000e+02	1.410316e-06	-3.039604e-01	3.233705e-05	1.757884e-05	1.475821e-05
7.150000e+02	7.304995e-06	-3.038514e-01	-2.290751e-05	-4.148758e-06	-1.875875e-05
7.160000e+02	1.458762e-06	-3.037578e-01	3.253187e-05	1.772470e-05	1.480717e-05
7.170000e+02	7.398139e-06	-3.036553e-01	-2.289606e-05	-4.049891e-06	-1.884617e-05
7.180000e+02	1.516209e-06	-3.035642e-01	3.223248e-05	1.763245e-05	1.460003e-05
7.190000e+02	7.323007e-06	-3.034576e-01	-2.321607e-05	-4.285027e-06	-1.893104e-05
7.200000e+02	1.482726e-06	-3.033610e-01	3.229889e-05	1.763217e-05	1.466672e-05
7.210000e+02	7.354955e-06	-3.032553e-01	-2.280320e-05	-4.046643e-06	-1.875655e-05
7.220000e+02	1.450011e-06	-3.031620e-01	3.240292e-05	1.765147e-05	1.475145e-05
7.230000e+02	7.402895e-06	-3.030592e-01	-2.270560e-05	-3.949904e-06	-1.875569e-05
7.240000e+02	1.461694e-06	-3.029680e-01	3.217544e-05	1.754941e-05	1.462602e-05
7.250000e+02	7.353951e-06	-3.028640e-01	-2.292370e-05	-4.107898e-06	-1.881580e-05
7.260000e+02	1.428538e-06	-3.027725e-01	3.189458e-05	1.737583e-05	1.451875e-05
7.270000e+02	7.458562e-06	-3.026667e-01	-2.252169e-05	-3.802285e-06	-1.871941e-05
7.280000e+02	1.433422e-06	-3.025740e-01	3.240301e-05	1.763493e-05	1.476808e-05
7.290000e+02	7.296848e-06	-3.024724e-01	-2.259179e-05	-3.999048e-06	-1.859274e-05
7.300000e+02	1.402550e-06	-3.023819e-01	3.213911e-05	1.747210e-05	1.466700e-05
7.310000e+02	7.417432e-06	-3.022793e-01	-2.257203e-05	-3.868582e-06	-1.870345e-05
7.320000e+02	1.493095e-06	-3.021899e-01	3.200204e-05	1.749412e-05	1.450792e-05
7.330000e+02	7.360852e-06	-3.020857e-01	-2.267384e-05	-3.976070e-06	-1.869777e-05
7.340000e+02	1.390239e-06	-3.019961e-01	3.209934e-05	1.743991e-05	1.465943e-05
7.350000e+02	7.388098e-06	-3.018951e-01	-2.248980e-05	-3.856801e-06	-1.863300e-05
7.360000e+02	1.424598e-06	-3.018053e-01	3.229446e-05	1.757183e-05	1.472263e-05
7.370000e+02	7.409267e-06	-3.017041e-01	-2.241813e-05	-3.799800e-06	-1.861833e-05
7.380000e+02	1.450122e-06	-3.016140e-01	3.239285e-05	1.764655e-05	1.474630e-05
7.390000e+02	7.404346e-06	-3.015116e-01	-2.235970e-05	-3.775506e-06	-1.858420e-05
7.400000e+02	1.382031e-06	-3.014250e-01	3.210491e-05	1.743449e-05	1.467043e-05
7.410000e+02	7.381460e-06	-3.013262e-01	-2.267935e-05	-3.958217e-06	-1.872114e-05
7.420000e+02	1.408827e-06	-3.012368e-01	3.234200e-05	1.757983e-05	1.476218e-05
7.430000e+02	7.363478e-06	-3.011358e-01	-2.235551e-05	-3.814279e-06	-1.854123e-05
7.440000e+02	1.464300e-06	-3.010492e-01	3.230133e-05	1.761497e-05	1.468637e-05
7.450000e+02	7.375216e-06	-3.009474e-01	-2.252747e-05	-3.888519e-06	-1.863895e-05
7.460000e+02	1.432250e-06	-3.008614e-01	3.225277e-05	1.755863e-05	1.469413e-05
7.470000e+02	7.339425e-06	-3.007650e-01	-2.254157e-05	-3.931362e-06	-1.861021e-05
7.480000e+02	1.390700e-06	-3.006793e-01	3.237422e-05	1.757781e-05	1.479641e-05
7.490000e+02	7.316840e-06	-3.005797e-01	-2.251213e-05	-3.939226e-06	-1.857291e-05
7.500000e+02	1.554420e-06	-3.004898e-01	3.273624e-05	1.792254e-05	1.481370e-05
7.510000e+02	7.367197e-06	-3.003890e-01	-2.233405e-05	-3.799828e-06	-1.853422e-05
7.520000e+02	1.376638e-06	-3.003060e-01	3.225855e-05	1.750591e-05	1.475264e-05
7.530000e+02	7.353530e-06	-3.002113e-01	-2.254607e-05	-3.919504e-06	-1.862656e-05
7.540000e+02	1.442768e-06	-3.001263e-01	3.254516e-05	1.771535e-05	1.482981e-05
7.550000e+02	7.301298e-06	-3.000259e-01	-2.237718e-05	-3.887292e-06	-1.848989e-05
7.560000e+02	1.348656e-06	-2.999409e-01	3.256090e-05	1.762911e-05	1.493179e-05
7.570000e+02	7.327532e-06	-2.998453e-01	-2.275370e-05	-4.049316e-06	-1.870438e-05
7.580000e+02	1.505225e-06	-2.997603e-01	3.244929e-05	1.772987e-05	1.471942e-05
7.590000e+02	7.357626e-06	-2.996629e-01	-2.225682e-05	-3.770783e-06	-1.848603e-05
7.600000e+02	1.380581e-06	-2.995784e-01	3.274984e-05	1.775550e-05	1.499434e-05
7.610000e+02	7.244274e-06	-2.994818e-01	-2.223144e-05	-3.871448e-06	-1.836000e-05
7.620000e+02	1.412447e-06	-2.994005e-01	3.233294e-05	1.757892e-05	1.475402e-05
7.630000e+02	7.361904e-06	-2.993033e-01	-2.245650e-05	-3.866346e-06	-1.859015e-05
7.640000e+02	1.391652e-06	-2.992187e-01	3.300870e-05	1.789600e-05	1.511270e-05
7.650000e+02	7.300203e-06	-2.991245e-01	-2.201680e-05	-3.708198e-06	-1.830860e-05
7.660000e+02	1.341707e-06	-2.990426e-01	3.240180e-05	1.754260e-05	1.485919e-05
7.670000e+02	7.327874e-06	-2.989487e-01	-2.228600e-05	-3.815124e-06	-1.847087e-05
7.680000e+02	1.453009e-06	-2.988652e-01	3.288068e-05	1.789335e-05	1.498733e-05
7.690000e+02	7.339833e-06	-2.987672e-01	-2.170854e-05	-3.514436e-06	-1.819410e-05
7.700000e+02	1.341612e-06	-2.986849e-01	3.303613e-05	1.785968e-05	1.517645e-05
7.710000e+02	7.313890e-06	-2.985950e-01	-2.193504e-05	-3.653629e-06	-1.828141e-05
7.720000e+02	1.432168e-06	-2.985157e-01	3.261348e-05	1.773891e-05	1.487457e-05
7.730000e+02	7.307180e-06	-2.984201e-01	-2.212455e-05	-3.755096e-06	-1.836946e-05
7.740000e+02	1.310053e-06	-2.983386e-01	3.227982e-05	1.744996e-05	1.482986e-05
7.750000e+02	7.266374e-06	-2.982439e-01	-2.201308e-05	-3.740165e-06	-1.827291e-05
7.760000e+02	1.414438e-06	-2.981629e-01	3.293476e-05	1.788182e-05	1.505294e-05
7.770000e+02	7.329418e-06	-2.980722e-01	-2.167188e-05	-3.506520e-06	-1.816536e-05
7.780000e+02	1.402600e-06	-2.979931e-01	3.270637e-05	1.775579e-05	1.495059e-05
7.790000e+02	7.278644e-06	-2.979008e-01	-2.205420e-05	-3.748455e-06	-1.830574e-05
7.800000e+02	1.393397e-06	-2.978197e-01	3.268089e-05	1.773384e-05	1.494705e-05
7.810000e+02	7.263957e-06	-2.977270e-01	-2.185913e-05	-3.665606e-06	-1.819352e-05
7.820000e+02	1.377539e-06	-2.976467e-01	3.300050e-05	1.787779e-05	1.512271e-05
7.830000e+02	7.313900e-06	-2.975561e-01	-2.165768e-05	-3.514942e-06	-1.814274e-05
7.840000e+02	1.486960e-06	-2.974783e-01	3.297289e-05	1.797341e-05	1.499949e-05
7.850000e+02	7.248827e-06	-2.973859e-01	-2.200330e-05	-3.752825e-06	-1.825048e-05
7.860000e+02	1.336493e-06	-2.973082e-01	3.244812e-05	1.756055e-05	1.488757e-05
7.870000e+02	7.277892e-06	-2.972176e-01	-2.198573e-05	-3.714974e-06	-1.827076e-05
7.880000e+02	1.421131e-06	-2.971392e-01	3.305284e-05	1.794755e-05	1.510529e-05
7.890000e+02	7.273856e-06	-2.970495e-01	-2.167765e-05	-3.564968e-06	-1.811268e-05
7.900000e+02	1.436845e-06	-2.969712e-01	3.303390e-05	1.795379e-05	1.508010e-05
7.910000e+02	7.217738e-06	-2.968791e-01	-2.182155e-05	-3.693034e-06	-1.812851e-05
7.920000e+02	1.401717e-06	-2.968010e-01	3.299432e-05	1.789888e-05	1.509544e-05
7.930000e+02	7.264170e-06	-2.967127e-01	-2.160739e-05	-3.539523e-06	-1.806786e-05
7.940000e+02	1.454750e-06	-2.966366e-01	3.324203e-05	1.807577e-05	1.516627e-05
7.950000e+02	7.200435e-06	-2.965483e-01	-2.174148e-05	-3.670307e-06	-1.807118e-05
7.960000e+02	1.419707e-06	-2.964719e-01	3.295667e-05	1.789804e-05	1.505863e-05
7.970000e+02	7.220886e-06	-2.963826e-01	-2.177002e-05	-3.664122e-06	-1.810589e-05
7.980000e+02	1.462158e-06	-2.963044e-01	3.329975e-05	1.811203e-05	1.518772e-05
7.990000e+02	7.176813e-06	-2.962139e-01	-2.138735e-05	-3.516862e-06	-1.787049e-05
8.000000e+02	1.389736e-06	-2.961395e-01	3.359603e-05	1.818775e-05	1.540828e-05
8.010000e+02	7.220162e-06	-2.960541e-01	-2.173987e-05	-3.649775e-06	-1.809010e-05
8.020000e+02	1.465813e-06	-2.959811e-01	3.247927e-05	1.770545e-05	1.477382e-05
8.030000e+02	7.234970e-06	-2.958890e-01	-2.177993e-05	-3.654993e-06	-1.812493e-05
8.040000e+02	1.371983e-06	-2.958136e-01	3.304052e-05	1.789224e-05	1.514828e-05
8.050000e+02	7.203164e-06	-2.957268e-01	-2.125596e-05	-3.424815e-06	-1.783114e-05
8.060000e+02	1.363554e-06	-2.956534e-01	3.324808e-05	1.798759e-05	1.526049e-05
8.070000e+02	7.211885e-06	-2.955669e-01	-2.145955e-05	-3.517891e-06	-1.794166e-05
8.080000e+02	1.410343e-06	-2.954929e-01	3.300882e-05	1.791476e-05	1.509407e-05
8.090000e+02	7.240956e-06	-2.954047e-01	-2.146279e-05	-3.490442e-06	-1.797235e-05
8.100000e+02	1.399848e-06	-2.953318e-01	3.294606e-05	1.787288e-05	1.507318e-05
8.110000e+02	7.187847e-06	-2.952453e-01	-2.144260e-05	-3.533452e-06	-1.790915e-05
8.120000e+02	1.355691e-06	-2.951726e-01	3.317683e-05	1.794411e-05	1.523273e-05
8.130000e+02	7.167349e-06	-2.950867e-01	-2.137898e-05	-3.522139e-06	-1.785684e-05
8.140000e+02	1.427942e-06	-2.950127e-01	3.327702e-05	1.806645e-05	1.521057e-05
8.150000e+02	7.214655e-06	-2.949270e-01	-2.132564e-05	-3.448167e-06	-1.787748e-05
8.160000e+02	1.396779e-06	-2.948539e-01	3.368077e-05	1.823716e-05	1.544361e-05
8.170000e+02	7.124597e-06	-2.947681e-01	-2.144256e-05	-3.596683e-06	-1.784588e-05
8.180000e+02	1.413008e-06	-2.946966e-01	3.308786e-05	1.795694e-05	1.513092e-05
8.190000e+02	7.220358e-06	-2.946125e-01	-2.140080e-05	-3.480040e-06	-1.792076e-05
8.200000e+02	1.406179e-06	-2.945423e-01	3.309130e-05	1.795183e-05	1.513947e-05
8.210000e+02	7.153114e-06	-2.944557e-01	-2.130172e-05	-3.497745e-06	-1.780397e-05
8.220000e+02	1.361616e-06	-2.943844e-01	3.318353e-05	1.795338e-05	1.523015e-05
8.230000e+02	7.113922e-06	-2.942975e-01	-2.126561e-05	-3.518883e-06	-1.774673e-05
8.240000e+02	1.289059e-06	-2.942277e-01	3.320262e-05	1.789037e-05	1.531225e-05
8.250000e+02	7.145571e-06	-2.941462e-01	-2.130283e-05	-3.505844e-06	-1.779699e-05
8.260000e+02	1.479770e-06	-2.940758e-01	3.349739e-05	1.822846e-05	1.526892e-05
8.270000e+02	7.218916e-06	-2.939909e-01	-2.109138e-05	-3.326772e-06	-1.776461e-05
8.280000e+02	1.339600e-06	-2.939195e-01	3.335581e-05	1.801751e-05	1.533831e-05
8.290000e+02	7.104685e-06	-2.938364e-01	-2.128199e-05	-3.536310e-06	-1.774568e-05
8.300000e+02	1.357221e-06	-2.937664e-01	3.349332e-05	1.810388e-05	1.538944e-05
8.310000e+02	7.220430e-06	-2.936854e-01	-2.095591e-05	-3.257524e-06	-1.769838e-05
8.320000e+02	1.434115e-06	-2.936165e-01	3.354926e-05	1.820875e-05	1.534052e-05
8.330000e+02	7.123888e-06	-2.935318e-01	-2.122044e-05	-3.486334e-06	-1.773411e-05
8.340000e+02	1.261593e-06	-2.934632e-01	3.302817e-05	1.777568e-05	1.525249e-05
8.350000e+02	7.119798e-06	-2.933817e-01	-2.129631e-05	-3.528358e-06	-1.776795e-05
8.360000e+02	1.355255e-06	-2.933130e-01	3.389255e-05	1.830153e-05	1.559102e-05
8.370000e+02	7.175206e-06	-2.932315e-01	-2.111746e-05	-3.383525e-06	-1.773394e-05
8.380000e+02	1.373317e-06	-2.931625e-01	3.317553e-05	1.796108e-05	1.521445e-05
8.390000e+02	7.152037e-06	-2.930805e-01	-2.131436e-05	-3.505142e-06	-1.780922e-05
8.400000e+02	1.337962e-06	-2.930137e-01	3.338791e-05	1.803192e-05	1.535599e-05
8.410000e+02	7.115920e-06	-2.929328e-01	-2.099866e-05	-3.383408e-06	-1.761525e-05
8.420000e+02	1.365176e-06	-2.928648e-01	3.382410e-05	1.827723e-05	1.554687e-05
8.430000e+02	7.182878e-06	-2.927836e-01	-2.082312e-05	-3.228683e-06	-1.759444e-05
8.440000e+02	1.371545e-06	-2.927165e-01	3.348653e-05	1.811481e-05	1.537172e-05
8.450000e+02	7.094979e-06	-2.926352e-01	-2.127750e-05	-3.543769e-06	-1.773373e-05
8.460000e+02	1.344101e-06	-2.925694e-01	3.326757e-05	1.797789e-05	1.528968e-05
8.470000e+02	7.178929e-06	-2.924903e-01	-2.102894e-05	-3.335539e-06	-1.769340e-05
8.480000e+02	1.362598e-06	-2.924237e-01	3.372907e-05	1.822713e-05	1.550194e-05
8.490000e+02	7.106104e-06	-2.923420e-01	-2.088854e-05	-3.338165e-06	-1.755037e-05
8.500000e+02	1.296954e-06	-2.922740e-01	3.358825e-05	1.809108e-05	1.549717e-05
8.510000e+02	7.112856e-06	-2.921927e-01	-2.092915e-05	-3.351720e-06	-1.757743e-05
8.520000e+02	1.338730e-06	-2.921300e-01	3.337032e-05	1.802389e-05	1.534643e-05
8.530000e+02	7.076630e-06	-2.920538e-01	-2.119691e-05	-3.521824e-06	-1.767508e-05
8.540000e+02	1.370957e-06	-2.919880e-01	3.376712e-05	1.825452e-05	1.551260e-05
8.550000e+02	7.168985e-06	-2.919078e-01	-2.047405e-05	-3.068042e-06	-1.740601e-05
8.560000e+02	1.355970e-06	-2.918417e-01	3.375084e-05	1.823139e-05	1.551945e-05
8.570000e+02	7.066715e-06	-2.917608e-01	-2.097242e-05	-3.419495e-06	-1.755292e-05
8.580000e+02	1.219451e-06	-2.916958e-01	3.355092e-05	1.799491e-05	1.555601e-05
8.590000e+02	7.189965e-06	-2.916208e-01	-2.047364e-05	-3.046855e-06	-1.742678e-05
8.600000e+02	1.401162e-06	-2.915581e-01	3.440098e-05	1.860165e-05	1.579933e-05
8.610000e+02	7.094667e-06	-2.914790e-01	-2.084876e-05	-3.329713e-06	-1.751905e-05
8.620000e+02	1.281250e-06	-2.914130e-01	3.324292e-05	1.790271e-05	1.534021e-05
8.630000e+02	7.100439e-06	-2.913346e-01	-2.093233e-05	-3.365726e-06	-1.756660e-05
8.640000e+02	1.402587e-06	-2.912727e-01	3.392992e-05	1.836755e-05	1.556238e-05
8.650000e+02	7.084361e-06	-2.911964e-01	-2.051451e-05	-3.172893e-06	-1.734161e-05
8.660000e+02	1.225080e-06	-2.911328e-01	3.433814e-05	1.839415e-05	1.594399e-05
8.670000e+02	7.048977e-06	-2.910549e-01	-2.080862e-05	-3.355333e-06	-1.745329e-05
8.680000e+02	1.368080e-06	-2.909908e-01	3.366178e-05	1.819897e-05	1.546281e-05
8.690000e+02	7.179650e-06	-2.909124e-01	-2.070113e-05	-3.170916e-06	-1.753022e-05
8.700000e+02	1.259739e-06	-2.908517e-01	3.418082e-05	1.835015e-05	1.583067e-05
8.710000e+02	7.022738e-06	-2.907772e-01	-2.078596e-05	-3.370241e-06	-1.741572e-05
8.720000e+02	1.326718e-06	-2.907151e-01	3.377631e-05	1.821487e-05	1.556144e-05
8.730000e+02	7.144860e-06	-2.906380e-01	-2.081593e-05	-3.263104e-06	-1.755282e-05
8.740000e+02	1.335480e-06	-2.905740e-01	3.407187e-05	1.837142e-05	1.570046e-05
8.750000e+02	7.031527e-06	-2.904987e-01	-2.065488e-05	-3.295913e-06	-1.735897e-05
8.760000e+02	1.331436e-06	-2.904377e-01	3.460472e-05	1.863380e-05	1.597092e-05
8.770000e+02	7.054594e-06	-2.903627e-01	-2.077296e-05	-3.331885e-06	-1.744107e-05
8.780000e+02	1.292033e-06	-2.903017e-01	3.359796e-05	1.809101e-05	1.550695e-05
8.790000e+02	7.040488e-06	-2.902272e-01	-2.102347e-05	-3.471246e-06	-1.755222e-05
8.800000e+02	1.372819e-06	-2.901648e-01	3.468999e-05	1.871781e-05	1.597218e-05
8.810000e+02	7.140063e-06	-2.900889e-01	-2.031703e-05	-3.018454e-06	-1.729858e-05
8.820000e+02	1.301892e-06	-2.900296e-01	3.372662e-05	1.816520e-05	1.556142e-05
8.830000e+02	6.962032e-06	-2.899555e-01	-2.122383e-05	-3.649883e-06	-1.757395e-05
8.840000e+02	1.295293e-06	-2.898953e-01	3.405358e-05	1.832208e-05	1.573150e-05
8.850000e+02	7.117438e-06	-2.898213e-01	-2.030009e-05	-3.032605e-06	-1.726748e-05
8.860000e+02	1.361119e-06	-2.897609e-01	3.439257e-05	1.855741e-05	1.583517e-05
8.870000e+02	7.042131e-06	-2.896862e-01	-2.071568e-05	-3.315708e-06	-1.739997e-05
8.880000e+02	1.259136e-06	-2.896273e-01	3.372021e-05	1.811924e-05	1.560097e-05
8.890000e+02	7.052656e-06	-2.895532e-01	-2.087348e-05	-3.384084e-06	-1.748940e-05
8.900000e+02	1.300034e-06	-2.894934e-01	3.428772e-05	1.844389e-05	1.584383e-05
8.910000e+02	7.097330e-06	-2.894214e-01	-2.044223e-05	-3.123786e-06	-1.731845e-05
8.920000e+02	1.332304e-06	-2.893626e-01	3.432629e-05	1.849545e-05	1.583084e-05
8.930000e+02	7.034755e-06	-2.892893e-01	-2.098374e-05	-3.457116e-06	-1.752663e-05
8.940000e+02	1.237686e-06	-2.892299e-01	3.431557e-05	1.839547e-05	1.592010e-05
8.950000e+02	7.049982e-06	-2.891572e-01	-2.100847e-05	-3.454251e-06	-1.755421e-05
8.960000e+02	1.270346e-06	-2.890989e-01	3.432757e-05	1.843413e-05	1.589344e-05
8.970000e+02	7.033021e-06	-2.890267e-01	-2.098132e-05	-3.457637e-06	-1.752368e-05
8.980000e+02	1.245260e-06	-2.889696e-01	3.363484e-05	1.806268e-05	1.557216e-05
8.990000e+02	7.122260e-06	-2.888942e-01	-2.080476e-05	-3.280120e-06	-1.752464e-05
9.000000e+02	1.214457e-06	-2.888369e-01	3.440796e-05	1.841844e-05	1.598952e-05
9.010000e+02	6.936431e-06	-2.887637e-01	-2.083380e-05	-3.480468e-06	-1.735333e-05
9.020000e+02	1.183080e-06	-2.887073e-01	3.391704e-05	1.814160e-05	1.577544e-05
9.030000e+02	7.139847e-06	-2.886387e-01	-2.094699e-05	-3.333647e-06	-1.761334e-05
9.040000e+02	1.292066e-06	-2.885823e-01	3.463876e-05	1.861144e-05	1.602731e-05
9.050000e+02	7.105226e-06	-2.885103e-01	-2.073003e-05	-3.259788e-06	-1.747024e-05
9.060000e+02	1.220893e-06	-2.884528e-01	3.404143e-05	1.824161e-05	1.579982e-05
9.070000e+02	7.057711e-06	-2.883817e-01	-2.099650e-05	-3.440540e-06	-1.755596e-05
9.080000e+02	1.265385e-06	-2.883252e-01	3.449002e-05	1.851039e-05	1.597962e-05
9.090000e+02	7.076757e-06	-2.882549e-01	-2.060004e-05	-3.223265e-06	-1.737678e-05
9.100000e+02	1.275261e-06	-2.881991e-01	3.456277e-05	1.855665e-05	1.600612e-05
9.110000e+02	6.973404e-06	-2.881284e-01	-2.101806e-05	-3.535626e-06	-1.748243e-05
9.120000e+02	1.240198e-06	-2.880716e-01	3.444591e-05	1.846315e-05	1.598276e-05
9.130000e+02	7.128013e-06	-2.880015e-01	-2.066311e-05	-3.203543e-06	-1.745957e-05
9.140000e+02	1.261638e-06	-2.879466e-01	3.456516e-05	1.854422e-05	1.602094e-05
9.150000e+02	6.918248e-06	-2.878772e-01	-2.096125e-05	-3.562375e-06	-1.739887e-05
9.160000e+02	1.220925e-06	-2.878208e-01	3.504210e-05	1.874197e-05	1.630012e-05
9.170000e+02	7.103221e-06	-2.877499e-01	-2.061989e-05	-3.206724e-06	-1.741317e-05
9.180000e+02	1.308272e-06	-2.876948e-01	3.485997e-05	1.873826e-05	1.612171e-05
9.190000e+02	6.977086e-06	-2.876262e-01	-2.106464e-05	-3.555233e-06	-1.750941e-05
9.200000e+02	1.172578e-06	-2.875727e-01	3.433444e-05	1.833980e-05	1.599464e-05
9.210000e+02	7.026443e-06	-2.875047e-01	-2.064373e-05	-3.295420e-06	-1.734831e-05
9.220000e+02	1.324170e-06	-2.874508e-01	3.496397e-05	1.880616e-05	1.615782e-05
9.230000e+02	7.032432e-06	-2.873815e-01	-2.058556e-05	-3.260348e-06	-1.732521e-05
9.240000e+02	1.223083e-06	-2.873268e-01	3.459252e-05	1.851934e-05	1.607317e-05
9.250000e+02	6.994006e-06	-2.872581e-01	-2.077950e-05	-3.395742e-06	-1.738375e-05
9.260000e+02	1.221133e-06	-2.872043e-01	3.501344e-05	1.872785e-05	1.628559e-05
9.270000e+02	6.996768e-06	-2.871367e-01	-2.079358e-05	-3.400023e-06	-1.739356e-05
9.280000e+02	1.281427e-06	-2.870838e-01	3.486490e-05	1.871388e-05	1.615102e-05
9.290000e+02	7.017721e-06	-2.870157e-01	-2.085393e-05	-3.409242e-06	-1.744468e-05
9.300000e+02	1.203550e-06	-2.869623e-01	3.474243e-05	1.857477e-05	1.616767e-05
9.310000e+02	7.027002e-06	-2.868949e-01	-2.075566e-05	-3.350828e-06	-1.740483e-05
9.320000e+02	1.245375e-06	-2.868421e-01	3.453757e-05	1.851416e-05	1.602341e-05
9.330000e+02	6.996457e-06	-2.867743e-01	-2.057684e-05	-3.291964e-06	-1.728488e-05
9.340000e+02	1.212610e-06	-2.867211e-01	3.529202e-05	1.885862e-05	1.643340e-05
9.350000e+02	7.010492e-06	-2.866518e-01	-2.048372e-05	-3.231367e-06	-1.725235e-05
9.360000e+02	1.194278e-06	-2.865994e-01	3.487134e-05	1.862995e-05	1.624139e-05
9.370000e+02	6.948375e-06	-2.865348e-01	-2.095454e-05	-3.528895e-06	-1.742565e-05
9.380000e+02	1.177746e-06	-2.864851e-01	3.476357e-05	1.855953e-05	1.620404e-05
9.390000e+02	7.019372e-06	-2.864193e-01	-2.068852e-05	-3.324889e-06	-1.736363e-05
9.400000e+02	1.318474e-06	-2.863666e-01	3.480990e-05	1.872342e-05	1.608647e-05
9.410000e+02	6.919875e-06	-2.862984e-01	-2.068056e-05	-3.420407e-06	-1.726016e-05
9.420000e+02	1.183252e-06	-2.862451e-01	3.533370e-05	1.885010e-05	1.648360e-05
9.430000e+02	7.048462e-06	-2.861805e-01	-2.031873e-05	-3.110903e-06	-1.720783e-05
9.440000e+02	1.273192e-06	-2.861321e-01	3.458872e-05	1.856755e-05	1.602117e-05
9.450000e+02	6.879039e-06	-2.860669e-01	-2.106058e-05	-3.651251e-06	-1.740933e-05
9.460000e+02	1.193603e-06	-2.860149e-01	3.519131e-05	1.878926e-05	1.640205e-05
9.470000e+02	6.988245e-06	-2.859484e-01	-2.023538e-05	-3.129446e-06	-1.710594e-05
9.480000e+02	1.305619e-06	-2.858972e-01	3.537828e-05	1.899476e-05	1.638352e-05
9.490000e+02	6.904813e-06	-2.858315e-01	-2.076126e-05	-3.475817e-06	-1.728544e-05
9.500000e+02	1.116218e-06	-2.857818e-01	3.475952e-05	1.849598e-05	1.626354e-05
9.510000e+02	6.917502e-06	-2.857178e-01	-2.079808e-05	-3.481539e-06	-1.731654e-05
9.520000e+02	1.291832e-06	-2.856678e-01	3.534721e-05	1.896544e-05	1.638177e-05
9.530000e+02	6.992832e-06	-2.856016e-01	-2.035083e-05	-3.182581e-06	-1.716824e-05
9.540000e+02	1.121220e-06	-2.855528e-01	3.481676e-05	1.852960e-05	1.628716e-05
9.550000e+02	6.896442e-06	-2.854888e-01	-2.087680e-05	-3.541956e-06	-1.733484e-05
9.560000e+02	1.218268e-06	-2.854400e-01	3.502466e-05	1.873060e-05	1.629406e-05
9.570000e+02	6.976465e-06	-2.853759e-01	-2.037785e-05	-3.212460e-06	-1.716539e-05
9.580000e+02	1.221953e-06	-2.853262e-01	3.525522e-05	1.884956e-05	1.640566e-05
9.590000e+02	6.837881e-06	-2.852617e-01	-2.071458e-05	-3.519409e-06	-1.719517e-05
9.600000e+02	1.200873e-06	-2.852120e-01	3.517587e-05	1.878881e-05	1.638706e-05
9.610000e+02	6.985655e-06	-2.851482e-01	-2.035544e-05	-3.192065e-06	-1.716337e-05
9.620000e+02	1.214744e-06	-2.851008e-01	3.524176e-05	1.883562e-05	1.640613e-05
9.630000e+02	6.908892e-06	-2.850386e-01	-2.056132e-05	-3.371769e-06	-1.718955e-05
9.640000e+02	1.225754e-06	-2.849907e-01	3.520671e-05	1.882911e-05	1.637760e-05
9.650000e+02	6.907497e-06	-2.849268e-01	-2.051264e-05	-3.348822e-06	-1.716382e-05
9.660000e+02	1.225332e-06	-2.848781e-01	3.488799e-05	1.866933e-05	1.621866e-05
9.670000e+02	6.942801e-06	-2.848147e-01	-2.034927e-05	-3.231833e-06	-1.711744e-05
9.680000e+02	1.205911e-06	-2.847669e-01	3.562542e-05	1.901862e-05	1.660680e-05
9.690000e+02	6.887506e-06	-2.847041e-01	-2.026580e-05	-3.245394e-06	-1.702041e-05
9.700000e+02	1.084075e-06	-2.846565e-01	3.503391e-05	1.860103e-05	1.643288e-05
9.710000e+02	6.963683e-06	-2.845942e-01	-2.051749e-05	-3.295061e-06	-1.722243e-05
9.720000e+02	1.269869e-06	-2.845478e-01	3.542653e-05	1.898313e-05	1.644340e-05
9.730000e+02	6.925727e-06	-2.844854e-01	-2.027052e-05	-3.209533e-06	-1.706099e-05
9.740000e+02	1.121374e-06	-2.844377e-01	3.504705e-05	1.864490e-05	1.640215e-05
9.750000e+02	6.912171e-06	-2.843761e-01	-2.021249e-05	-3.194075e-06	-1.701842e-05
9.760000e+02	1.285171e-06	-2.843303e-01	3.584984e-05	1.921009e-05	1.663975e-05
9.770000e+02	6.908999e-06	-2.842675e-01	-2.027798e-05	-3.229993e-06	-1.704799e-05
9.780000e+02	1.105688e-06	-2.842201e-01	3.522266e-05	1.871702e-05	1.650564e-05
9.790000e+02	6.919493e-06	-2.841599e-01	-2.042678e-05	-3.293895e-06	-1.713288e-05
9.800000e+02	1.227382e-06	-2.841148e-01	3.509011e-05	1.877244e-05	1.631767e-05
9.810000e+02	6.920753e-06	-2.840528e-01	-2.009242e-05	-3.125457e-06	-1.696696e-05
9.820000e+02	1.202620e-06	-2.840061e-01	3.585840e-05	1.913182e-05	1.672658e-05
9.830000e+02	6.963255e-06	-2.839447e-01	-1.995962e-05	-3.016556e-06	-1.694307e-05
9.840000e+02	1.122402e-06	-2.838992e-01	3.494249e-05	1.859364e-05	1.634884e-05
9.850000e+02	6.820146e-06	-2.838388e-01	-2.042480e-05	-3.392256e-06	-1.703255e-05
9.860000e+02	1.172908e-06	-2.837945e-01	3.567733e-05	1.901157e-05	1.666576e-05
9.870000e+02	6.993036e-06	-2.837341e-01	-1.987531e-05	-2.944617e-06	-1.693069e-05
9.880000e+02	1.180082e-06	-2.836881e-01	3.539625e-05	1.887821e-05	1.651804e-05
9.890000e+02	6.852867e-06	-2.836268e-01	-2.040954e-05	-3.351901e-06	-1.705763e-05
9.900000e+02	1.172304e-06	-2.835833e-01	3.515189e-05	1.874825e-05	1.640364e-05
9.910000e+02	7.007027e-06	-2.835247e-01	-2.012048e-05	-3.053214e-06	-1.706727e-05
9.920000e+02	1.125346e-06	-2.834808e-01	3.532342e-05	1.878705e-05	1.653636e-05
9.930000e+02	6.833387e-06	-2.834195e-01	-2.018858e-05	-3.260902e-06	-1.692768e-05
9.940000e+02	1.130292e-06	-2.833749e-01	3.520257e-05	1.873158e-05	1.647099e-05
9.950000e+02	6.930047e-06	-2.833140e-01	-2.021479e-05	-3.177349e-06	-1.703744e-05
9.960000e+02	1.132904e-06	-2.832694e-01	3.539496e-05	1.883038e-05	1.656458e-05
9.970000e+02	6.867050e-06	-2.832104e-01	-2.004803e-05	-3.156966e-06	-1.689107e-05
9.980000e+02	1.182124e-06	-2.831684e-01	3.512496e-05	1.874461e-05	1.638036e-05
9.990000e+02	6.960720e-06	-2.831112e-01	-2.003860e-05	-3.058578e-06	-1.698002e-05
1.000000e+03	1.214110e-06	-2.830672e-01	3.577264e-05	1.910043e-05	1.667221e-05
