# Force coefficients
# liftDir    : (1.000000e+00 0.000000e+00 0.000000e+00)
# dragDir    : (0.000000e+00 0.000000e+00 1.000000e+00)
# pitchAxis  : (0.000000e+00 1.000000e+00 0.000000e+00)
# magUInf    : 1.000000e+02
# lRef       : 1.000000e+00
# Aref       : 1.356200e-03
# CofR       : (0.000000e+00 0.000000e+00 3.810000e-01)
# Time       	Cm           	Cd           	Cl           	Cl(f)        	Cl(r)        	Cm	Cd	Cl	Cl(f)	Cl(r)
1.000000e+00	-2.019961e+00	-8.863290e+01	-3.214811e+01	-1.809401e+01	-1.405409e+01
2.000000e+00	-1.124847e+00	-5.540327e+01	-1.870952e+01	-1.047961e+01	-8.229914e+00
3.000000e+00	1.236110e-01	9.386857e+00	4.839114e+00	2.543168e+00	2.295946e+00
4.000000e+00	4.398883e-01	3.414035e+01	1.226359e+01	6.571686e+00	5.691909e+00
5.000000e+00	2.523934e-01	1.802513e+01	4.989351e+00	2.747069e+00	2.242282e+00
6.000000e+00	7.654266e-02	-7.281575e+00	-3.523279e+00	-1.685097e+00	-1.838182e+00
7.000000e+00	-2.930927e-02	-1.768285e+01	-5.214331e+00	-2.636475e+00	-2.577856e+00
8.000000e+00	-1.185131e-01	-9.342283e+00	-1.675569e+00	-9.562976e-01	-7.192715e-01
9.000000e+00	-1.573484e-01	2.777455e+00	1.564777e+00	6.250400e-01	9.397367e-01
1.000000e+01	-1.158314e-01	7.268933e+00	1.746127e+00	7.572320e-01	9.888948e-01
1.100000e+01	-3.826858e-02	2.409183e+00	3.636435e-02	-2.008641e-02	5.645076e-02
1.200000e+01	9.587870e-03	-3.790078e+00	-1.188793e+00	-5.848086e-01	-6.039844e-01
1.300000e+01	7.666336e-03	-5.312002e+00	-9.813552e-01	-4.830113e-01	-4.983439e-01
1.400000e+01	-1.605218e-02	-2.589471e+00	-1.021408e-01	-6.712257e-02	-3.501820e-02
1.500000e+01	-3.451246e-02	5.464068e-01	3.842200e-01	1.575975e-01	2.266225e-01
1.600000e+01	-4.260452e-02	1.191387e+00	1.891479e-01	5.196943e-02	1.371785e-01
1.700000e+01	-4.543808e-02	-3.012457e-01	-2.516003e-01	-1.712382e-01	-8.036208e-02
1.800000e+01	-4.540559e-02	-1.843789e+00	-4.544188e-01	-2.726150e-01	-1.818038e-01
1.900000e+01	-4.141737e-02	-2.090142e+00	-3.352162e-01	-2.090255e-01	-1.261907e-01
2.000000e+01	-3.420240e-02	-1.309825e+00	-1.140082e-01	-9.120652e-02	-2.280172e-02
2.100000e+01	-2.752419e-02	-5.353493e-01	-8.584816e-03	-3.181660e-02	2.323178e-02
2.200000e+01	-2.508906e-02	-4.158357e-01	-5.363570e-02	-5.190692e-02	-1.728786e-03
2.300000e+01	-2.767672e-02	-8.030721e-01	-1.491566e-01	-1.022550e-01	-4.690158e-02
2.400000e+01	-3.251659e-02	-1.153598e+00	-1.972966e-01	-1.311649e-01	-6.613172e-02
2.500000e+01	-3.622915e-02	-1.174879e+00	-1.811283e-01	-1.267933e-01	-5.433498e-02
2.600000e+01	-3.673589e-02	-9.525639e-01	-1.390491e-01	-1.062605e-01	-3.278868e-02
2.700000e+01	-3.452161e-02	-7.631613e-01	-1.128415e-01	-9.094234e-02	-2.189912e-02
2.800000e+01	-3.147791e-02	-7.483866e-01	-1.130247e-01	-8.799028e-02	-2.503445e-02
2.900000e+01	-2.937506e-02	-8.520848e-01	-1.253592e-01	-9.205465e-02	-3.330453e-02
3.000000e+01	-2.889384e-02	-9.353207e-01	-1.329730e-01	-9.538032e-02	-3.759263e-02
3.100000e+01	-2.959505e-02	-9.252808e-01	-1.302360e-01	-9.471305e-02	-3.552296e-02
3.200000e+01	-3.053178e-02	-8.545882e-01	-1.221254e-01	-9.159448e-02	-3.053092e-02
3.300000e+01	-3.090282e-02	-7.959183e-01	-1.159826e-01	-8.889413e-02	-2.708849e-02
3.400000e+01	-3.054596e-02	-7.878492e-01	-1.151592e-01	-8.812555e-02	-2.703363e-02
3.500000e+01	-2.991924e-02	-8.097127e-01	-1.176726e-01	-8.875553e-02	-2.891706e-02
3.600000e+01	-2.942361e-02	-8.275548e-01	-1.190938e-01	-8.897049e-02	-3.012327e-02
3.700000e+01	-2.913045e-02	-8.218249e-01	-1.170704e-01	-8.766563e-02	-2.940473e-02
3.800000e+01	-2.890334e-02	-7.989692e-01	-1.130291e-01	-8.541790e-02	-2.761122e-02
3.900000e+01	-2.860811e-02	-7.774415e-01	-1.096756e-01	-8.344589e-02	-2.622966e-02
4.000000e+01	-2.829371e-02	-7.684596e-01	-1.085294e-01	-8.255840e-02	-2.597098e-02
4.100000e+01	-2.804565e-02	-7.692749e-01	-1.088310e-01	-8.246116e-02	-2.636985e-02
4.200000e+01	-2.786185e-02	-7.698648e-01	-1.088120e-01	-8.226784e-02	-2.654414e-02
4.300000e+01	-2.767922e-02	-7.637857e-01	-1.078434e-01	-8.160091e-02	-2.624247e-02
4.400000e+01	-2.742251e-02	-7.533279e-01	-1.060652e-01	-8.045513e-02	-2.561010e-02
4.500000e+01	-2.709692e-02	-7.431568e-01	-1.042632e-01	-7.922852e-02	-2.503468e-02
4.600000e+01	-2.678917e-02	-7.363197e-01	-1.032765e-01	-7.842744e-02	-2.484909e-02
4.700000e+01	-2.658841e-02	-7.323251e-01	-1.029626e-01	-7.806973e-02	-2.489291e-02
4.800000e+01	-2.644345e-02	-7.289852e-01	-1.026207e-01	-7.775381e-02	-2.486691e-02
4.900000e+01	-2.627940e-02	-7.239242e-01	-1.018940e-01	-7.722642e-02	-2.466761e-02
5.000000e+01	-2.606938e-02	-7.167777e-01	-1.010334e-01	-7.658607e-02	-2.444731e-02
5.100000e+01	-2.580429e-02	-7.098853e-01	-1.001219e-01	-7.586525e-02	-2.425667e-02
5.200000e+01	-2.553209e-02	-7.044411e-01	-9.930482e-02	-7.518450e-02	-2.412032e-02
5.300000e+01	-2.529267e-02	-6.998720e-01	-9.873084e-02	-7.465809e-02	-2.407275e-02
5.400000e+01	-2.510447e-02	-6.955861e-01	-9.826500e-02	-7.423697e-02	-2.402803e-02
5.500000e+01	-2.492976e-02	-6.910541e-01	-9.775157e-02	-7.380554e-02	-2.394603e-02
5.600000e+01	-2.474021e-02	-6.859786e-01	-9.720252e-02	-7.334147e-02	-2.386106e-02
5.700000e+01	-2.454676e-02	-6.807398e-01	-9.669510e-02	-7.289431e-02	-2.380079e-02
5.800000e+01	-2.437847e-02	-6.757926e-01	-9.632447e-02	-7.254070e-02	-2.378376e-02
5.900000e+01	-2.421496e-02	-6.713177e-01	-9.596253e-02	-7.219622e-02	-2.376631e-02
6.000000e+01	-2.405115e-02	-6.670317e-01	-9.557206e-02	-7.183718e-02	-2.373488e-02
6.100000e+01	-2.388150e-02	-6.630970e-01	-9.515955e-02	-7.146128e-02	-2.369827e-02
6.200000e+01	-2.370703e-02	-6.591143e-01	-9.476998e-02	-7.109202e-02	-2.367796e-02
6.300000e+01	-2.354422e-02	-6.548076e-01	-9.443350e-02	-7.076097e-02	-2.367253e-02
6.400000e+01	-2.339416e-02	-6.504031e-01	-9.414556e-02	-7.046693e-02	-2.367862e-02
6.500000e+01	-2.325342e-02	-6.462280e-01	-9.387567e-02	-7.019125e-02	-2.368441e-02
6.600000e+01	-2.312490e-02	-6.422825e-01	-9.361427e-02	-6.993203e-02	-2.368224e-02
6.700000e+01	-2.299283e-02	-6.385452e-01	-9.334805e-02	-6.966686e-02	-2.368119e-02
6.800000e+01	-2.286555e-02	-6.349018e-01	-9.310559e-02	-6.941834e-02	-2.368725e-02
6.900000e+01	-2.274822e-02	-6.311462e-01	-9.289506e-02	-6.919575e-02	-2.369931e-02
7.000000e+01	-2.263518e-02	-6.276164e-01	-9.268580e-02	-6.897808e-02	-2.370772e-02
7.100000e+01	-2.252941e-02	-6.241283e-01	-9.251674e-02	-6.878778e-02	-2.372896e-02
7.200000e+01	-2.242024e-02	-6.206342e-01	-9.232833e-02	-6.858440e-02	-2.374392e-02
7.300000e+01	-2.232623e-02	-6.170698e-01	-9.216847e-02	-6.841047e-02	-2.375801e-02
7.400000e+01	-2.223281e-02	-6.136733e-01	-9.200260e-02	-6.823412e-02	-2.376849e-02
7.500000e+01	-2.214958e-02	-6.104128e-01	-9.185069e-02	-6.807492e-02	-2.377577e-02
7.600000e+01	-2.205886e-02	-6.072719e-01	-9.169073e-02	-6.790423e-02	-2.378650e-02
7.700000e+01	-2.198063e-02	-6.040505e-01	-9.156882e-02	-6.776504e-02	-2.380378e-02
7.800000e+01	-2.189901e-02	-6.010006e-01	-9.145384e-02	-6.762593e-02	-2.382791e-02
7.900000e+01	-2.183185e-02	-5.980486e-01	-9.137096e-02	-6.751734e-02	-2.385363e-02
8.000000e+01	-2.176141e-02	-5.951498e-01	-9.125920e-02	-6.739100e-02	-2.386819e-02
8.100000e+01	-2.170425e-02	-5.922099e-01	-9.116214e-02	-6.728532e-02	-2.387681e-02
8.200000e+01	-2.164065e-02	-5.893513e-01	-9.106899e-02	-6.717515e-02	-2.389384e-02
8.300000e+01	-2.158345e-02	-5.865467e-01	-9.100484e-02	-6.708587e-02	-2.391897e-02
8.400000e+01	-2.152381e-02	-5.837813e-01	-9.091686e-02	-6.698223e-02	-2.393462e-02
8.500000e+01	-2.147622e-02	-5.811917e-01	-9.085411e-02	-6.690328e-02	-2.395083e-02
8.600000e+01	-2.142303e-02	-5.787190e-01	-9.080685e-02	-6.682646e-02	-2.398040e-02
8.700000e+01	-2.138108e-02	-5.762996e-01	-9.076021e-02	-6.676118e-02	-2.399903e-02
8.800000e+01	-2.134075e-02	-5.738172e-01	-9.069735e-02	-6.668943e-02	-2.400792e-02
8.900000e+01	-2.130334e-02	-5.713584e-01	-9.065482e-02	-6.663075e-02	-2.402407e-02
9.000000e+01	-2.125982e-02	-5.689777e-01	-9.061485e-02	-6.656724e-02	-2.404761e-02
9.100000e+01	-2.122531e-02	-5.667000e-01	-9.058828e-02	-6.651945e-02	-2.406884e-02
9.200000e+01	-2.118944e-02	-5.644826e-01	-9.054764e-02	-6.646326e-02	-2.408439e-02
9.300000e+01	-2.115886e-02	-5.622941e-01	-9.051819e-02	-6.641796e-02	-2.410023e-02
9.400000e+01	-2.113109e-02	-5.600491e-01	-9.047242e-02	-6.636730e-02	-2.410512e-02
9.500000e+01	-2.110803e-02	-5.578265e-01	-9.044610e-02	-6.633107e-02	-2.411502e-02
9.600000e+01	-2.108279e-02	-5.557521e-01	-9.041737e-02	-6.629148e-02	-2.412589e-02
9.700000e+01	-2.106240e-02	-5.537764e-01	-9.039667e-02	-6.626073e-02	-2.413594e-02
9.800000e+01	-2.104317e-02	-5.518428e-01	-9.036267e-02	-6.622451e-02	-2.413817e-02
9.900000e+01	-2.102754e-02	-5.498712e-01	-9.033409e-02	-6.619459e-02	-2.413950e-02
1.000000e+02	-2.100988e-02	-5.479140e-01	-9.030184e-02	-6.616081e-02	-2.414104e-02
1.010000e+02	-2.100022e-02	-5.460006e-01	-9.027021e-02	-6.613532e-02	-2.413489e-02
1.020000e+02	-2.098721e-02	-5.441367e-01	-9.023456e-02	-6.610448e-02	-2.413007e-02
1.030000e+02	-2.098056e-02	-5.423143e-01	-9.020400e-02	-6.608257e-02	-2.412144e-02
1.040000e+02	-2.097162e-02	-5.405181e-01	-9.016174e-02	-6.605249e-02	-2.410925e-02
1.050000e+02	-2.096861e-02	-5.387252e-01	-9.012542e-02	-6.603132e-02	-2.409410e-02
1.060000e+02	-2.096331e-02	-5.369474e-01	-9.007919e-02	-6.600290e-02	-2.407629e-02
1.070000e+02	-2.096339e-02	-5.351880e-01	-9.003970e-02	-6.598324e-02	-2.405646e-02
1.080000e+02	-2.096070e-02	-5.334624e-01	-8.999121e-02	-6.595630e-02	-2.403490e-02
1.090000e+02	-2.096246e-02	-5.317637e-01	-8.994817e-02	-6.593655e-02	-2.401162e-02
1.100000e+02	-2.096154e-02	-5.301017e-01	-8.989567e-02	-6.590938e-02	-2.398629e-02
1.110000e+02	-2.096782e-02	-5.283461e-01	-8.984164e-02	-6.588864e-02	-2.395300e-02
1.120000e+02	-2.097261e-02	-5.265950e-01	-8.978093e-02	-6.586308e-02	-2.391786e-02
1.130000e+02	-2.097811e-02	-5.249079e-01	-8.972731e-02	-6.584176e-02	-2.388555e-02
1.140000e+02	-2.098307e-02	-5.232303e-01	-8.966999e-02	-6.581807e-02	-2.385193e-02
1.150000e+02	-2.099037e-02	-5.215551e-01	-8.961241e-02	-6.579658e-02	-2.381583e-02
1.160000e+02	-2.099667e-02	-5.199241e-01	-8.955272e-02	-6.577303e-02	-2.377969e-02
1.170000e+02	-2.100191e-02	-5.183242e-01	-8.949332e-02	-6.574857e-02	-2.374476e-02
1.180000e+02	-2.100726e-02	-5.167371e-01	-8.943529e-02	-6.572490e-02	-2.371039e-02
1.190000e+02	-2.101231e-02	-5.151425e-01	-8.937568e-02	-6.570015e-02	-2.367552e-02
1.200000e+02	-2.101929e-02	-5.135514e-01	-8.931808e-02	-6.567832e-02	-2.363975e-02
1.210000e+02	-2.102423e-02	-5.119685e-01	-8.925655e-02	-6.565250e-02	-2.360405e-02
1.220000e+02	-2.103065e-02	-5.104076e-01	-8.919925e-02	-6.563027e-02	-2.356898e-02
1.230000e+02	-2.103410e-02	-5.088606e-01	-8.913830e-02	-6.560325e-02	-2.353505e-02
1.240000e+02	-2.103953e-02	-5.073318e-01	-8.908384e-02	-6.558145e-02	-2.350238e-02
1.250000e+02	-2.104188e-02	-5.058126e-01	-8.902608e-02	-6.555492e-02	-2.347115e-02
1.260000e+02	-2.104638e-02	-5.043133e-01	-8.897579e-02	-6.553428e-02	-2.344152e-02
1.270000e+02	-2.104726e-02	-5.028268e-01	-8.891732e-02	-6.550592e-02	-2.341140e-02
1.280000e+02	-2.105053e-02	-5.013642e-01	-8.886977e-02	-6.548542e-02	-2.338435e-02
1.290000e+02	-2.104914e-02	-4.999205e-01	-8.882038e-02	-6.545933e-02	-2.336105e-02
1.300000e+02	-2.104990e-02	-4.984995e-01	-8.877866e-02	-6.543923e-02	-2.333944e-02
1.310000e+02	-2.104704e-02	-4.970909e-01	-8.873144e-02	-6.541276e-02	-2.331868e-02
1.320000e+02	-2.104720e-02	-4.957112e-01	-8.869016e-02	-6.539228e-02	-2.329788e-02
1.330000e+02	-2.104297e-02	-4.943499e-01	-8.864609e-02	-6.536602e-02	-2.328007e-02
1.340000e+02	-2.103982e-02	-4.930157e-01	-8.861441e-02	-6.534703e-02	-2.326739e-02
1.350000e+02	-2.103349e-02	-4.916955e-01	-8.857693e-02	-6.532195e-02	-2.325497e-02
1.360000e+02	-2.102907e-02	-4.904075e-01	-8.854764e-02	-6.530289e-02	-2.324475e-02
1.370000e+02	-2.102130e-02	-4.891438e-01	-8.851397e-02	-6.527828e-02	-2.323569e-02
1.380000e+02	-2.101481e-02	-4.879070e-01	-8.848794e-02	-6.525878e-02	-2.322916e-02
1.390000e+02	-2.100528e-02	-4.866791e-01	-8.845995e-02	-6.523525e-02	-2.322470e-02
1.400000e+02	-2.099803e-02	-4.854884e-01	-8.843756e-02	-6.521681e-02	-2.322076e-02
1.410000e+02	-2.098749e-02	-4.843210e-01	-8.841284e-02	-6.519391e-02	-2.321893e-02
1.420000e+02	-2.097795e-02	-4.831804e-01	-8.839596e-02	-6.517593e-02	-2.322002e-02
1.430000e+02	-2.096528e-02	-4.820510e-01	-8.837700e-02	-6.515379e-02	-2.322322e-02
1.440000e+02	-2.095543e-02	-4.809530e-01	-8.836139e-02	-6.513613e-02	-2.322526e-02
1.450000e+02	-2.094327e-02	-4.798751e-01	-8.834193e-02	-6.511423e-02	-2.322770e-02
1.460000e+02	-2.093180e-02	-4.788239e-01	-8.833013e-02	-6.509686e-02	-2.323326e-02
1.470000e+02	-2.091858e-02	-4.777899e-01	-8.831515e-02	-6.507615e-02	-2.323900e-02
1.480000e+02	-2.090680e-02	-4.767757e-01	-8.830407e-02	-6.505883e-02	-2.324524e-02
1.490000e+02	-2.089387e-02	-4.757778e-01	-8.829001e-02	-6.503888e-02	-2.325113e-02
1.500000e+02	-2.088131e-02	-4.748037e-01	-8.828032e-02	-6.502147e-02	-2.325885e-02
1.510000e+02	-2.086805e-02	-4.738483e-01	-8.826901e-02	-6.500256e-02	-2.326645e-02
1.520000e+02	-2.085568e-02	-4.729109e-01	-8.825851e-02	-6.498493e-02	-2.327358e-02
1.530000e+02	-2.084322e-02	-4.719848e-01	-8.824642e-02	-6.496643e-02	-2.327999e-02
1.540000e+02	-2.083085e-02	-4.710762e-01	-8.823537e-02	-6.494854e-02	-2.328684e-02
1.550000e+02	-2.081868e-02	-4.701782e-01	-8.822431e-02	-6.493084e-02	-2.329347e-02
1.560000e+02	-2.080619e-02	-4.692995e-01	-8.821346e-02	-6.491292e-02	-2.330054e-02
1.570000e+02	-2.079468e-02	-4.684318e-01	-8.820377e-02	-6.489656e-02	-2.330721e-02
1.580000e+02	-2.078258e-02	-4.675791e-01	-8.819150e-02	-6.487833e-02	-2.331317e-02
1.590000e+02	-2.077206e-02	-4.667306e-01	-8.818058e-02	-6.486235e-02	-2.331823e-02
1.600000e+02	-2.076009e-02	-4.658954e-01	-8.816647e-02	-6.484333e-02	-2.332314e-02
1.610000e+02	-2.075018e-02	-4.650648e-01	-8.815619e-02	-6.482827e-02	-2.332791e-02
1.620000e+02	-2.073820e-02	-4.642479e-01	-8.814306e-02	-6.480973e-02	-2.333333e-02
1.630000e+02	-2.072758e-02	-4.634911e-01	-8.813353e-02	-6.479434e-02	-2.333919e-02
1.640000e+02	-2.071473e-02	-4.627360e-01	-8.811983e-02	-6.477465e-02	-2.334518e-02
1.650000e+02	-2.070560e-02	-4.619454e-01	-8.811198e-02	-6.476159e-02	-2.335039e-02
1.660000e+02	-2.069456e-02	-4.611444e-01	-8.809841e-02	-6.474376e-02	-2.335465e-02
1.670000e+02	-2.068631e-02	-4.603529e-01	-8.808962e-02	-6.473112e-02	-2.335851e-02
1.680000e+02	-2.067493e-02	-4.595902e-01	-8.807466e-02	-6.471227e-02	-2.336240e-02
1.690000e+02	-2.066610e-02	-4.588429e-01	-8.806604e-02	-6.469911e-02	-2.336692e-02
1.700000e+02	-2.065517e-02	-4.580832e-01	-8.805026e-02	-6.468030e-02	-2.336996e-02
1.710000e+02	-2.064654e-02	-4.573136e-01	-8.804477e-02	-6.466892e-02	-2.337584e-02
1.720000e+02	-2.063364e-02	-4.565583e-01	-8.803750e-02	-6.465239e-02	-2.338512e-02
1.730000e+02	-2.062107e-02	-4.558492e-01	-8.804406e-02	-6.464310e-02	-2.340096e-02
1.740000e+02	-2.060545e-02	-4.551440e-01	-8.804349e-02	-6.462720e-02	-2.341629e-02
1.750000e+02	-2.059441e-02	-4.544119e-01	-8.804524e-02	-6.461703e-02	-2.342821e-02
1.760000e+02	-2.058108e-02	-4.536702e-01	-8.804056e-02	-6.460136e-02	-2.343920e-02
1.770000e+02	-2.056960e-02	-4.529330e-01	-8.804494e-02	-6.459207e-02	-2.345287e-02
1.780000e+02	-2.055362e-02	-4.522201e-01	-8.804969e-02	-6.457847e-02	-2.347122e-02
1.790000e+02	-2.053867e-02	-4.515173e-01	-8.806358e-02	-6.457046e-02	-2.349312e-02
1.800000e+02	-2.052051e-02	-4.508190e-01	-8.807476e-02	-6.455789e-02	-2.351686e-02
1.810000e+02	-2.050464e-02	-4.501120e-01	-8.809178e-02	-6.455053e-02	-2.354125e-02
1.820000e+02	-2.048587e-02	-4.494081e-01	-8.810643e-02	-6.453908e-02	-2.356735e-02
1.830000e+02	-2.046829e-02	-4.487075e-01	-8.812990e-02	-6.453324e-02	-2.359666e-02
1.840000e+02	-2.044749e-02	-4.480222e-01	-8.815178e-02	-6.452337e-02	-2.362840e-02
1.850000e+02	-2.042795e-02	-4.473409e-01	-8.818079e-02	-6.451835e-02	-2.366244e-02
1.860000e+02	-2.040482e-02	-4.466633e-01	-8.820916e-02	-6.450941e-02	-2.369976e-02
1.870000e+02	-2.038284e-02	-4.459841e-01	-8.824600e-02	-6.450584e-02	-2.374016e-02
1.880000e+02	-2.035796e-02	-4.453137e-01	-8.828126e-02	-6.449859e-02	-2.378267e-02
1.890000e+02	-2.033491e-02	-4.446442e-01	-8.832197e-02	-6.449590e-02	-2.382607e-02
1.900000e+02	-2.030845e-02	-4.439864e-01	-8.836169e-02	-6.448929e-02	-2.387240e-02
1.910000e+02	-2.028316e-02	-4.433308e-01	-8.840875e-02	-6.448754e-02	-2.392121e-02
1.920000e+02	-2.025466e-02	-4.427145e-01	-8.845407e-02	-6.448170e-02	-2.397237e-02
1.930000e+02	-2.022787e-02	-4.420878e-01	-8.850707e-02	-6.448141e-02	-2.402567e-02
1.940000e+02	-2.019801e-02	-4.414419e-01	-8.855684e-02	-6.447643e-02	-2.408041e-02
1.950000e+02	-2.016983e-02	-4.407825e-01	-8.861538e-02	-6.447752e-02	-2.413786e-02
1.960000e+02	-2.013814e-02	-4.401400e-01	-8.867074e-02	-6.447351e-02	-2.419723e-02
1.970000e+02	-2.010888e-02	-4.395122e-01	-8.873344e-02	-6.447560e-02	-2.425784e-02
1.980000e+02	-2.007621e-02	-4.388996e-01	-8.879196e-02	-6.447219e-02	-2.431977e-02
1.990000e+02	-2.004608e-02	-4.382852e-01	-8.885729e-02	-6.447473e-02	-2.438256e-02
2.000000e+02	-2.001230e-02	-4.376722e-01	-8.891970e-02	-6.447216e-02	-2.444755e-02
2.010000e+02	-1.998108e-02	-4.370556e-01	-8.898868e-02	-6.447542e-02	-2.451326e-02
2.020000e+02	-1.994687e-02	-4.364479e-01	-8.905205e-02	-6.447290e-02	-2.457915e-02
2.030000e+02	-1.991579e-02	-4.358450e-01	-8.912151e-02	-6.447655e-02	-2.464497e-02
2.040000e+02	-1.988122e-02	-4.352531e-01	-8.918540e-02	-6.447392e-02	-2.471148e-02
2.050000e+02	-1.984996e-02	-4.346611e-01	-8.925712e-02	-6.447852e-02	-2.477860e-02
2.060000e+02	-1.981511e-02	-4.340740e-01	-8.932219e-02	-6.447621e-02	-2.484599e-02
2.070000e+02	-1.978432e-02	-4.334844e-01	-8.939364e-02	-6.448113e-02	-2.491250e-02
2.080000e+02	-1.974985e-02	-4.329033e-01	-8.945717e-02	-6.447844e-02	-2.497873e-02
2.090000e+02	-1.971950e-02	-4.323225e-01	-8.952767e-02	-6.448333e-02	-2.504434e-02
2.100000e+02	-1.968568e-02	-4.317507e-01	-8.958953e-02	-6.448045e-02	-2.510908e-02
2.110000e+02	-1.965618e-02	-4.311791e-01	-8.965839e-02	-6.448537e-02	-2.517301e-02
2.120000e+02	-1.962308e-02	-4.306124e-01	-8.971869e-02	-6.448243e-02	-2.523627e-02
2.130000e+02	-1.959442e-02	-4.300438e-01	-8.978541e-02	-6.448713e-02	-2.529828e-02
2.140000e+02	-1.956245e-02	-4.294834e-01	-8.984298e-02	-6.448394e-02	-2.535904e-02
2.150000e+02	-1.953493e-02	-4.289205e-01	-8.990632e-02	-6.448809e-02	-2.541822e-02
2.160000e+02	-1.950449e-02	-4.283656e-01	-8.996017e-02	-6.448457e-02	-2.547559e-02
2.170000e+02	-1.947832e-02	-4.278101e-01	-9.002007e-02	-6.448836e-02	-2.553171e-02
2.180000e+02	-1.944914e-02	-4.272592e-01	-9.007093e-02	-6.448461e-02	-2.558632e-02
2.190000e+02	-1.942436e-02	-4.267063e-01	-9.012656e-02	-6.448764e-02	-2.563892e-02
2.200000e+02	-1.939691e-02	-4.261606e-01	-9.017349e-02	-6.448366e-02	-2.568984e-02
2.210000e+02	-1.937356e-02	-4.256116e-01	-9.022435e-02	-6.448574e-02	-2.573861e-02
2.220000e+02	-1.934813e-02	-4.250696e-01	-9.026692e-02	-6.448158e-02	-2.578533e-02
2.230000e+02	-1.932624e-02	-4.245263e-01	-9.031339e-02	-6.448294e-02	-2.583045e-02
2.240000e+02	-1.930238e-02	-4.239875e-01	-9.035197e-02	-6.447836e-02	-2.587361e-02
2.250000e+02	-1.928223e-02	-4.234459e-01	-9.039351e-02	-6.447898e-02	-2.591453e-02
2.260000e+02	-1.926018e-02	-4.229118e-01	-9.042752e-02	-6.447394e-02	-2.595359e-02
2.270000e+02	-1.924184e-02	-4.223734e-01	-9.046438e-02	-6.447403e-02	-2.599035e-02
2.280000e+02	-1.922159e-02	-4.218413e-01	-9.049369e-02	-6.446844e-02	-2.602525e-02
2.290000e+02	-1.920481e-02	-4.213077e-01	-9.052622e-02	-6.446792e-02	-2.605830e-02
2.300000e+02	-1.918629e-02	-4.207782e-01	-9.055109e-02	-6.446183e-02	-2.608926e-02
2.310000e+02	-1.917099e-02	-4.202460e-01	-9.057860e-02	-6.446029e-02	-2.611831e-02
2.320000e+02	-1.915431e-02	-4.197212e-01	-9.059985e-02	-6.445424e-02	-2.614562e-02
2.330000e+02	-1.914066e-02	-4.191921e-01	-9.062276e-02	-6.445204e-02	-2.617072e-02
2.340000e+02	-1.912559e-02	-4.186683e-01	-9.063973e-02	-6.444546e-02	-2.619428e-02
2.350000e+02	-1.911333e-02	-4.181436e-01	-9.065888e-02	-6.444276e-02	-2.621611e-02
2.360000e+02	-1.909977e-02	-4.176225e-01	-9.067186e-02	-6.443570e-02	-2.623617e-02
2.370000e+02	-1.908901e-02	-4.170996e-01	-9.068714e-02	-6.443258e-02	-2.625456e-02
2.380000e+02	-1.907681e-02	-4.165819e-01	-9.069669e-02	-6.442515e-02	-2.627154e-02
2.390000e+02	-1.906747e-02	-4.160639e-01	-9.070890e-02	-6.442192e-02	-2.628698e-02
2.400000e+02	-1.905641e-02	-4.155487e-01	-9.071448e-02	-6.441365e-02	-2.630083e-02
2.410000e+02	-1.904839e-02	-4.150316e-01	-9.072351e-02	-6.441014e-02	-2.631337e-02
2.420000e+02	-1.903838e-02	-4.145201e-01	-9.072655e-02	-6.440165e-02	-2.632490e-02
2.430000e+02	-1.903161e-02	-4.140069e-01	-9.073332e-02	-6.439827e-02	-2.633506e-02
2.440000e+02	-1.902255e-02	-4.135004e-01	-9.073329e-02	-6.438920e-02	-2.634410e-02
2.450000e+02	-1.901687e-02	-4.129903e-01	-9.073710e-02	-6.438542e-02	-2.635168e-02
2.460000e+02	-1.900856e-02	-4.124850e-01	-9.073452e-02	-6.437582e-02	-2.635870e-02
2.470000e+02	-1.900383e-02	-4.119784e-01	-9.073744e-02	-6.437255e-02	-2.636489e-02
2.480000e+02	-1.899617e-02	-4.114779e-01	-9.073282e-02	-6.436258e-02	-2.637024e-02
2.490000e+02	-1.899239e-02	-4.109757e-01	-9.073404e-02	-6.435940e-02	-2.637463e-02
2.500000e+02	-1.898533e-02	-4.104799e-01	-9.072719e-02	-6.434893e-02	-2.637826e-02
2.510000e+02	-1.898232e-02	-4.099814e-01	-9.072697e-02	-6.434581e-02	-2.638116e-02
2.520000e+02	-1.897572e-02	-4.094869e-01	-9.071936e-02	-6.433540e-02	-2.638395e-02
2.530000e+02	-1.897320e-02	-4.089935e-01	-9.071849e-02	-6.433245e-02	-2.638604e-02
2.540000e+02	-1.896698e-02	-4.085047e-01	-9.070943e-02	-6.432170e-02	-2.638773e-02
2.550000e+02	-1.896497e-02	-4.080151e-01	-9.070791e-02	-6.431893e-02	-2.638898e-02
2.560000e+02	-1.895891e-02	-4.075310e-01	-9.069792e-02	-6.430787e-02	-2.639005e-02
2.570000e+02	-1.895756e-02	-4.070457e-01	-9.069618e-02	-6.430565e-02	-2.639053e-02
2.580000e+02	-1.895181e-02	-4.065669e-01	-9.068543e-02	-6.429452e-02	-2.639090e-02
2.590000e+02	-1.895060e-02	-4.060862e-01	-9.068376e-02	-6.429248e-02	-2.639128e-02
2.600000e+02	-1.894471e-02	-4.056112e-01	-9.067310e-02	-6.428126e-02	-2.639184e-02
2.610000e+02	-1.894372e-02	-4.051351e-01	-9.067176e-02	-6.427961e-02	-2.639216e-02
2.620000e+02	-1.893815e-02	-4.046663e-01	-9.066036e-02	-6.426832e-02	-2.639203e-02
2.630000e+02	-1.893742e-02	-4.041954e-01	-9.065886e-02	-6.426685e-02	-2.639202e-02
2.640000e+02	-1.893179e-02	-4.037311e-01	-9.064828e-02	-6.425593e-02	-2.639235e-02
2.650000e+02	-1.893087e-02	-4.032654e-01	-9.064746e-02	-6.425460e-02	-2.639287e-02
2.660000e+02	-1.892527e-02	-4.028068e-01	-9.063735e-02	-6.424394e-02	-2.639341e-02
2.670000e+02	-1.892437e-02	-4.023467e-01	-9.063656e-02	-6.424265e-02	-2.639392e-02
2.680000e+02	-1.891885e-02	-4.018939e-01	-9.062682e-02	-6.423226e-02	-2.639456e-02
2.690000e+02	-1.891778e-02	-4.014397e-01	-9.062656e-02	-6.423106e-02	-2.639550e-02
2.700000e+02	-1.891222e-02	-4.009931e-01	-9.061792e-02	-6.422119e-02	-2.639674e-02
2.710000e+02	-1.891091e-02	-4.005444e-01	-9.061824e-02	-6.422004e-02	-2.639821e-02
2.720000e+02	-1.890547e-02	-4.001061e-01	-9.061044e-02	-6.421069e-02	-2.639975e-02
2.730000e+02	-1.890389e-02	-3.996664e-01	-9.061084e-02	-6.420931e-02	-2.640153e-02
2.740000e+02	-1.889822e-02	-3.992099e-01	-9.060493e-02	-6.420068e-02	-2.640425e-02
2.750000e+02	-1.889625e-02	-3.987505e-01	-9.060718e-02	-6.419984e-02	-2.640734e-02
2.760000e+02	-1.889071e-02	-3.983131e-01	-9.060182e-02	-6.419162e-02	-2.641020e-02
2.770000e+02	-1.888881e-02	-3.978841e-01	-9.060379e-02	-6.419070e-02	-2.641309e-02
2.780000e+02	-1.888303e-02	-3.974637e-01	-9.059872e-02	-6.418239e-02	-2.641633e-02
2.790000e+02	-1.888058e-02	-3.970344e-01	-9.060123e-02	-6.418119e-02	-2.642004e-02
2.800000e+02	-1.887472e-02	-3.966066e-01	-9.059751e-02	-6.417348e-02	-2.642403e-02
2.810000e+02	-1.887206e-02	-3.961763e-01	-9.060074e-02	-6.417243e-02	-2.642831e-02
2.820000e+02	-1.886633e-02	-3.957560e-01	-9.059846e-02	-6.416556e-02	-2.643290e-02
2.830000e+02	-1.886342e-02	-3.953377e-01	-9.060220e-02	-6.416452e-02	-2.643769e-02
2.840000e+02	-1.885761e-02	-3.949302e-01	-9.060091e-02	-6.415807e-02	-2.644285e-02
2.850000e+02	-1.885447e-02	-3.945051e-01	-9.060476e-02	-6.415685e-02	-2.644790e-02
2.860000e+02	-1.884861e-02	-3.940849e-01	-9.060371e-02	-6.415046e-02	-2.645325e-02
2.870000e+02	-1.884534e-02	-3.936545e-01	-9.060792e-02	-6.414930e-02	-2.645862e-02
2.880000e+02	-1.883936e-02	-3.932417e-01	-9.060754e-02	-6.414313e-02	-2.646441e-02
2.890000e+02	-1.883598e-02	-3.928406e-01	-9.061308e-02	-6.414252e-02	-2.647056e-02
2.900000e+02	-1.882985e-02	-3.924506e-01	-9.061394e-02	-6.413682e-02	-2.647712e-02
2.910000e+02	-1.882628e-02	-3.920526e-01	-9.062022e-02	-6.413639e-02	-2.648383e-02
2.920000e+02	-1.882004e-02	-3.916537e-01	-9.062139e-02	-6.413073e-02	-2.649066e-02
2.930000e+02	-1.881637e-02	-3.912511e-01	-9.062786e-02	-6.413030e-02	-2.649756e-02
2.940000e+02	-1.881012e-02	-3.908563e-01	-9.062977e-02	-6.412501e-02	-2.650476e-02
2.950000e+02	-1.880645e-02	-3.904636e-01	-9.063691e-02	-6.412491e-02	-2.651200e-02
2.960000e+02	-1.879997e-02	-3.900788e-01	-9.063898e-02	-6.411946e-02	-2.651952e-02
2.970000e+02	-1.879623e-02	-3.896916e-01	-9.064654e-02	-6.411950e-02	-2.652704e-02
2.980000e+02	-1.878963e-02	-3.893079e-01	-9.064899e-02	-6.411413e-02	-2.653486e-02
2.990000e+02	-1.878595e-02	-3.889217e-01	-9.065727e-02	-6.411458e-02	-2.654269e-02
3.000000e+02	-1.877936e-02	-3.885414e-01	-9.066021e-02	-6.410947e-02	-2.655074e-02
3.010000e+02	-1.877567e-02	-3.881610e-01	-9.066885e-02	-6.411010e-02	-2.655875e-02
3.020000e+02	-1.876899e-02	-3.877871e-01	-9.067174e-02	-6.410486e-02	-2.656688e-02
3.030000e+02	-1.876535e-02	-3.874116e-01	-9.068061e-02	-6.410565e-02	-2.657495e-02
3.040000e+02	-1.875856e-02	-3.870402e-01	-9.068371e-02	-6.410041e-02	-2.658330e-02
3.050000e+02	-1.875493e-02	-3.866672e-01	-9.069312e-02	-6.410149e-02	-2.659163e-02
3.060000e+02	-1.874805e-02	-3.862989e-01	-9.069637e-02	-6.409623e-02	-2.660014e-02
3.070000e+02	-1.874453e-02	-3.859306e-01	-9.070607e-02	-6.409756e-02	-2.660851e-02
3.080000e+02	-1.873770e-02	-3.855676e-01	-9.070938e-02	-6.409239e-02	-2.661699e-02
3.090000e+02	-1.873421e-02	-3.852042e-01	-9.071918e-02	-6.409380e-02	-2.662538e-02
3.100000e+02	-1.872743e-02	-3.848448e-01	-9.072273e-02	-6.408879e-02	-2.663394e-02
3.110000e+02	-1.872393e-02	-3.844840e-01	-9.073275e-02	-6.409031e-02	-2.664244e-02
3.120000e+02	-1.871713e-02	-3.841275e-01	-9.073637e-02	-6.408531e-02	-2.665106e-02
3.130000e+02	-1.871332e-02	-3.837612e-01	-9.074723e-02	-6.408693e-02	-2.666030e-02
3.140000e+02	-1.870629e-02	-3.834007e-01	-9.075155e-02	-6.408206e-02	-2.666949e-02
3.150000e+02	-1.870280e-02	-3.830443e-01	-9.076178e-02	-6.408369e-02	-2.667809e-02
3.160000e+02	-1.869629e-02	-3.826959e-01	-9.076550e-02	-6.407904e-02	-2.668646e-02
3.170000e+02	-1.869288e-02	-3.823459e-01	-9.077535e-02	-6.408055e-02	-2.669479e-02
3.180000e+02	-1.868628e-02	-3.819975e-01	-9.077940e-02	-6.407598e-02	-2.670343e-02
3.190000e+02	-1.868270e-02	-3.816463e-01	-9.078943e-02	-6.407742e-02	-2.671201e-02
3.200000e+02	-1.867624e-02	-3.812997e-01	-9.079367e-02	-6.407308e-02	-2.672060e-02
3.210000e+02	-1.867283e-02	-3.809538e-01	-9.080360e-02	-6.407463e-02	-2.672897e-02
3.220000e+02	-1.866644e-02	-3.806135e-01	-9.080769e-02	-6.407028e-02	-2.673741e-02
3.230000e+02	-1.866312e-02	-3.802718e-01	-9.081777e-02	-6.407201e-02	-2.674576e-02
3.240000e+02	-1.865671e-02	-3.799332e-01	-9.082184e-02	-6.406763e-02	-2.675422e-02
3.250000e+02	-1.865344e-02	-3.795927e-01	-9.083182e-02	-6.406936e-02	-2.676247e-02
3.260000e+02	-1.864716e-02	-3.792566e-01	-9.083585e-02	-6.406508e-02	-2.677077e-02
3.270000e+02	-1.864389e-02	-3.789204e-01	-9.084559e-02	-6.406669e-02	-2.677890e-02
3.280000e+02	-1.863763e-02	-3.785887e-01	-9.084962e-02	-6.406244e-02	-2.678718e-02
3.290000e+02	-1.863452e-02	-3.782561e-01	-9.085968e-02	-6.406436e-02	-2.679532e-02
3.300000e+02	-1.862829e-02	-3.779269e-01	-9.086371e-02	-6.406014e-02	-2.680357e-02
3.310000e+02	-1.862533e-02	-3.775964e-01	-9.087374e-02	-6.406220e-02	-2.681154e-02
3.320000e+02	-1.861897e-02	-3.772698e-01	-9.087722e-02	-6.405759e-02	-2.681964e-02
3.330000e+02	-1.861631e-02	-3.769426e-01	-9.088774e-02	-6.406018e-02	-2.682756e-02
3.340000e+02	-1.860980e-02	-3.766195e-01	-9.089090e-02	-6.405525e-02	-2.683565e-02
3.350000e+02	-1.860735e-02	-3.762956e-01	-9.090177e-02	-6.405824e-02	-2.684353e-02
3.360000e+02	-1.860070e-02	-3.759752e-01	-9.090446e-02	-6.405293e-02	-2.685153e-02
3.370000e+02	-1.859846e-02	-3.756537e-01	-9.091554e-02	-6.405623e-02	-2.685931e-02
3.380000e+02	-1.859171e-02	-3.753361e-01	-9.091787e-02	-6.405064e-02	-2.686722e-02
3.390000e+02	-1.858978e-02	-3.750175e-01	-9.092948e-02	-6.405452e-02	-2.687496e-02
3.400000e+02	-1.858287e-02	-3.747030e-01	-9.093138e-02	-6.404856e-02	-2.688282e-02
3.410000e+02	-1.858122e-02	-3.743874e-01	-9.094340e-02	-6.405292e-02	-2.689048e-02
3.420000e+02	-1.857409e-02	-3.740757e-01	-9.094471e-02	-6.404645e-02	-2.689827e-02
3.430000e+02	-1.857274e-02	-3.737625e-01	-9.095724e-02	-6.405136e-02	-2.690588e-02
3.440000e+02	-1.856543e-02	-3.734536e-01	-9.095806e-02	-6.404446e-02	-2.691360e-02
3.450000e+02	-1.856430e-02	-3.731429e-01	-9.097094e-02	-6.404977e-02	-2.692117e-02
3.460000e+02	-1.855684e-02	-3.728369e-01	-9.097133e-02	-6.404251e-02	-2.692883e-02
3.470000e+02	-1.855596e-02	-3.725289e-01	-9.098461e-02	-6.404826e-02	-2.693635e-02
3.480000e+02	-1.854839e-02	-3.722258e-01	-9.098466e-02	-6.404072e-02	-2.694394e-02
3.490000e+02	-1.854774e-02	-3.719202e-01	-9.099840e-02	-6.404694e-02	-2.695146e-02
3.500000e+02	-1.854005e-02	-3.716198e-01	-9.099813e-02	-6.403912e-02	-2.695901e-02
3.510000e+02	-1.853956e-02	-3.713167e-01	-9.101203e-02	-6.404558e-02	-2.696645e-02
3.520000e+02	-1.853182e-02	-3.710191e-01	-9.101142e-02	-6.403753e-02	-2.697389e-02
3.530000e+02	-1.853144e-02	-3.707184e-01	-9.102556e-02	-6.404422e-02	-2.698134e-02
3.540000e+02	-1.852364e-02	-3.704236e-01	-9.102482e-02	-6.403606e-02	-2.698877e-02
3.550000e+02	-1.852338e-02	-3.701252e-01	-9.103910e-02	-6.404293e-02	-2.699617e-02
3.560000e+02	-1.851560e-02	-3.698330e-01	-9.103835e-02	-6.403478e-02	-2.700357e-02
3.570000e+02	-1.851532e-02	-3.695370e-01	-9.105257e-02	-6.404161e-02	-2.701096e-02
3.580000e+02	-1.850765e-02	-3.692474e-01	-9.105186e-02	-6.403358e-02	-2.701828e-02
3.590000e+02	-1.850737e-02	-3.689538e-01	-9.106601e-02	-6.404037e-02	-2.702563e-02
3.600000e+02	-1.849983e-02	-3.686668e-01	-9.106547e-02	-6.403256e-02	-2.703290e-02
3.610000e+02	-1.849942e-02	-3.683755e-01	-9.107935e-02	-6.403910e-02	-2.704025e-02
3.620000e+02	-1.849208e-02	-3.680910e-01	-9.107914e-02	-6.403165e-02	-2.704749e-02
3.630000e+02	-1.849151e-02	-3.678019e-01	-9.109267e-02	-6.403785e-02	-2.705482e-02
3.640000e+02	-1.848442e-02	-3.675201e-01	-9.109290e-02	-6.403087e-02	-2.706203e-02
3.650000e+02	-1.848367e-02	-3.672332e-01	-9.110597e-02	-6.403666e-02	-2.706932e-02
3.660000e+02	-1.847684e-02	-3.669538e-01	-9.110667e-02	-6.403017e-02	-2.707650e-02
3.670000e+02	-1.847582e-02	-3.666692e-01	-9.111920e-02	-6.403542e-02	-2.708378e-02
3.680000e+02	-1.846931e-02	-3.663922e-01	-9.112052e-02	-6.402957e-02	-2.709095e-02
3.690000e+02	-1.846804e-02	-3.661099e-01	-9.113248e-02	-6.403428e-02	-2.709820e-02
3.700000e+02	-1.846189e-02	-3.658352e-01	-9.113442e-02	-6.402910e-02	-2.710532e-02
3.710000e+02	-1.846026e-02	-3.655550e-01	-9.114566e-02	-6.403309e-02	-2.711257e-02
3.720000e+02	-1.845455e-02	-3.652829e-01	-9.114837e-02	-6.402873e-02	-2.711964e-02
3.730000e+02	-1.845256e-02	-3.650048e-01	-9.115888e-02	-6.403200e-02	-2.712688e-02
3.740000e+02	-1.844725e-02	-3.647349e-01	-9.116242e-02	-6.402845e-02	-2.713396e-02
3.750000e+02	-1.844488e-02	-3.644590e-01	-9.117206e-02	-6.403091e-02	-2.714114e-02
3.760000e+02	-1.844002e-02	-3.641913e-01	-9.117644e-02	-6.402824e-02	-2.714820e-02
3.770000e+02	-1.843726e-02	-3.639176e-01	-9.118525e-02	-6.402988e-02	-2.715537e-02
3.780000e+02	-1.843284e-02	-3.636520e-01	-9.119048e-02	-6.402808e-02	-2.716240e-02
3.790000e+02	-1.842969e-02	-3.633806e-01	-9.119853e-02	-6.402895e-02	-2.716957e-02
3.800000e+02	-1.842562e-02	-3.631172e-01	-9.120445e-02	-6.402785e-02	-2.717660e-02
3.810000e+02	-1.842215e-02	-3.628478e-01	-9.121180e-02	-6.402805e-02	-2.718374e-02
3.820000e+02	-1.841853e-02	-3.625865e-01	-9.121850e-02	-6.402778e-02	-2.719072e-02
3.830000e+02	-1.841482e-02	-3.623193e-01	-9.122524e-02	-6.402743e-02	-2.719780e-02
3.840000e+02	-1.841147e-02	-3.620600e-01	-9.123256e-02	-6.402775e-02	-2.720481e-02
3.850000e+02	-1.840736e-02	-3.617950e-01	-9.123857e-02	-6.402665e-02	-2.721192e-02
3.860000e+02	-1.840441e-02	-3.615377e-01	-9.124662e-02	-6.402772e-02	-2.721889e-02
3.870000e+02	-1.840006e-02	-3.612748e-01	-9.125200e-02	-6.402606e-02	-2.722594e-02
3.880000e+02	-1.839742e-02	-3.610193e-01	-9.126067e-02	-6.402775e-02	-2.723292e-02
3.890000e+02	-1.839282e-02	-3.607586e-01	-9.126551e-02	-6.402558e-02	-2.723994e-02
3.900000e+02	-1.839038e-02	-3.605051e-01	-9.127459e-02	-6.402768e-02	-2.724691e-02
3.910000e+02	-1.838560e-02	-3.602464e-01	-9.127899e-02	-6.402510e-02	-2.725390e-02
3.920000e+02	-1.838342e-02	-3.599947e-01	-9.128856e-02	-6.402770e-02	-2.726086e-02
3.930000e+02	-1.837851e-02	-3.597382e-01	-9.129265e-02	-6.402483e-02	-2.726782e-02
3.940000e+02	-1.837649e-02	-3.594883e-01	-9.130257e-02	-6.402778e-02	-2.727479e-02
3.950000e+02	-1.837145e-02	-3.592340e-01	-9.130631e-02	-6.402460e-02	-2.728171e-02
3.960000e+02	-1.836957e-02	-3.589857e-01	-9.131645e-02	-6.402779e-02	-2.728866e-02
3.970000e+02	-1.836445e-02	-3.587335e-01	-9.132003e-02	-6.402447e-02	-2.729556e-02
3.980000e+02	-1.836259e-02	-3.584870e-01	-9.133027e-02	-6.402772e-02	-2.730254e-02
3.990000e+02	-1.835752e-02	-3.582368e-01	-9.133380e-02	-6.402442e-02	-2.730939e-02
4.000000e+02	-1.835566e-02	-3.579920e-01	-9.134397e-02	-6.402765e-02	-2.731632e-02
4.010000e+02	-1.835067e-02	-3.577438e-01	-9.134767e-02	-6.402451e-02	-2.732317e-02
4.020000e+02	-1.834876e-02	-3.575008e-01	-9.135777e-02	-6.402764e-02	-2.733012e-02
4.030000e+02	-1.834389e-02	-3.572546e-01	-9.136165e-02	-6.402472e-02	-2.733693e-02
4.040000e+02	-1.834187e-02	-3.570132e-01	-9.137146e-02	-6.402760e-02	-2.734386e-02
4.050000e+02	-1.833715e-02	-3.567690e-01	-9.137558e-02	-6.402494e-02	-2.735064e-02
4.060000e+02	-1.833499e-02	-3.565291e-01	-9.138513e-02	-6.402756e-02	-2.735757e-02
4.070000e+02	-1.833045e-02	-3.562870e-01	-9.138956e-02	-6.402523e-02	-2.736433e-02
4.080000e+02	-1.832812e-02	-3.560487e-01	-9.139874e-02	-6.402748e-02	-2.737125e-02
4.090000e+02	-1.832380e-02	-3.558085e-01	-9.140359e-02	-6.402560e-02	-2.737799e-02
4.100000e+02	-1.832125e-02	-3.555719e-01	-9.141235e-02	-6.402743e-02	-2.738492e-02
4.110000e+02	-1.831723e-02	-3.553335e-01	-9.141767e-02	-6.402606e-02	-2.739161e-02
4.120000e+02	-1.831447e-02	-3.550985e-01	-9.142596e-02	-6.402745e-02	-2.739851e-02
4.130000e+02	-1.831070e-02	-3.548620e-01	-9.143181e-02	-6.402660e-02	-2.740520e-02
4.140000e+02	-1.830766e-02	-3.546285e-01	-9.143956e-02	-6.402744e-02	-2.741212e-02
4.150000e+02	-1.830420e-02	-3.543939e-01	-9.144595e-02	-6.402718e-02	-2.741878e-02
4.160000e+02	-1.830090e-02	-3.541619e-01	-9.145315e-02	-6.402747e-02	-2.742568e-02
4.170000e+02	-1.829773e-02	-3.539292e-01	-9.146008e-02	-6.402777e-02	-2.743231e-02
4.180000e+02	-1.829415e-02	-3.536987e-01	-9.146670e-02	-6.402750e-02	-2.743920e-02
4.190000e+02	-1.829129e-02	-3.534678e-01	-9.147425e-02	-6.402841e-02	-2.744583e-02
4.200000e+02	-1.828741e-02	-3.532388e-01	-9.148025e-02	-6.402754e-02	-2.745271e-02
4.210000e+02	-1.828491e-02	-3.530097e-01	-9.148847e-02	-6.402915e-02	-2.745933e-02
4.220000e+02	-1.828072e-02	-3.527823e-01	-9.149382e-02	-6.402763e-02	-2.746618e-02
4.230000e+02	-1.827858e-02	-3.525549e-01	-9.150271e-02	-6.402993e-02	-2.747277e-02
4.240000e+02	-1.827405e-02	-3.523289e-01	-9.150738e-02	-6.402774e-02	-2.747964e-02
4.250000e+02	-1.827226e-02	-3.521033e-01	-9.151694e-02	-6.403073e-02	-2.748621e-02
4.260000e+02	-1.826744e-02	-3.518787e-01	-9.152097e-02	-6.402792e-02	-2.749305e-02
4.270000e+02	-1.826593e-02	-3.516549e-01	-9.153112e-02	-6.403149e-02	-2.749963e-02
4.280000e+02	-1.826083e-02	-3.514318e-01	-9.153455e-02	-6.402810e-02	-2.750645e-02
4.290000e+02	-1.825966e-02	-3.512097e-01	-9.154529e-02	-6.403230e-02	-2.751299e-02
4.300000e+02	-1.825427e-02	-3.509879e-01	-9.154816e-02	-6.402835e-02	-2.751981e-02
4.310000e+02	-1.825340e-02	-3.507675e-01	-9.155951e-02	-6.403315e-02	-2.752636e-02
4.320000e+02	-1.824775e-02	-3.505472e-01	-9.156180e-02	-6.402865e-02	-2.753316e-02
4.330000e+02	-1.824715e-02	-3.503284e-01	-9.157368e-02	-6.403399e-02	-2.753968e-02
4.340000e+02	-1.824129e-02	-3.501095e-01	-9.157549e-02	-6.402903e-02	-2.754646e-02
4.350000e+02	-1.824090e-02	-3.498924e-01	-9.158778e-02	-6.403479e-02	-2.755299e-02
4.360000e+02	-1.823482e-02	-3.496749e-01	-9.158915e-02	-6.402939e-02	-2.755975e-02
4.370000e+02	-1.823469e-02	-3.494593e-01	-9.160194e-02	-6.403566e-02	-2.756628e-02
4.380000e+02	-1.822844e-02	-3.492433e-01	-9.160292e-02	-6.402990e-02	-2.757303e-02
4.390000e+02	-1.822849e-02	-3.490292e-01	-9.161607e-02	-6.403653e-02	-2.757954e-02
4.400000e+02	-1.822208e-02	-3.488146e-01	-9.161669e-02	-6.403042e-02	-2.758627e-02
4.410000e+02	-1.822227e-02	-3.486021e-01	-9.163010e-02	-6.403732e-02	-2.759278e-02
4.420000e+02	-1.821576e-02	-3.483889e-01	-9.163051e-02	-6.403102e-02	-2.759949e-02
4.430000e+02	-1.821607e-02	-3.481778e-01	-9.164414e-02	-6.403815e-02	-2.760600e-02
4.440000e+02	-1.820949e-02	-3.479660e-01	-9.164435e-02	-6.403166e-02	-2.761269e-02
4.450000e+02	-1.820988e-02	-3.477565e-01	-9.165813e-02	-6.403895e-02	-2.761918e-02
4.460000e+02	-1.820325e-02	-3.475461e-01	-9.165826e-02	-6.403238e-02	-2.762587e-02
4.470000e+02	-1.820370e-02	-3.473380e-01	-9.167211e-02	-6.403975e-02	-2.763236e-02
4.480000e+02	-1.819705e-02	-3.471289e-01	-9.167216e-02	-6.403313e-02	-2.763902e-02
4.490000e+02	-1.819750e-02	-3.469223e-01	-9.168602e-02	-6.404051e-02	-2.764551e-02
4.500000e+02	-1.819089e-02	-3.467146e-01	-9.168609e-02	-6.403393e-02	-2.765216e-02
4.510000e+02	-1.819133e-02	-3.465094e-01	-9.169990e-02	-6.404128e-02	-2.765862e-02
4.520000e+02	-1.818476e-02	-3.463031e-01	-9.170007e-02	-6.403480e-02	-2.766527e-02
4.530000e+02	-1.818516e-02	-3.460993e-01	-9.171380e-02	-6.404206e-02	-2.767174e-02
4.540000e+02	-1.817866e-02	-3.458942e-01	-9.171406e-02	-6.403569e-02	-2.767837e-02
4.550000e+02	-1.817898e-02	-3.456919e-01	-9.172761e-02	-6.404279e-02	-2.768482e-02
4.560000e+02	-1.817259e-02	-3.454881e-01	-9.172806e-02	-6.403662e-02	-2.769143e-02
4.570000e+02	-1.817283e-02	-3.452872e-01	-9.174143e-02	-6.404354e-02	-2.769789e-02
4.580000e+02	-1.816656e-02	-3.450847e-01	-9.174208e-02	-6.403760e-02	-2.770449e-02
4.590000e+02	-1.816668e-02	-3.448852e-01	-9.175520e-02	-6.404428e-02	-2.771092e-02
4.600000e+02	-1.816053e-02	-3.446840e-01	-9.175613e-02	-6.403860e-02	-2.771753e-02
4.610000e+02	-1.816055e-02	-3.444859e-01	-9.176903e-02	-6.404507e-02	-2.772396e-02
4.620000e+02	-1.815453e-02	-3.442858e-01	-9.177017e-02	-6.403962e-02	-2.773055e-02
4.630000e+02	-1.815443e-02	-3.440891e-01	-9.178277e-02	-6.404582e-02	-2.773696e-02
4.640000e+02	-1.814855e-02	-3.438903e-01	-9.178419e-02	-6.404065e-02	-2.774354e-02
4.650000e+02	-1.814834e-02	-3.436950e-01	-9.179657e-02	-6.404662e-02	-2.774995e-02
4.660000e+02	-1.814259e-02	-3.434973e-01	-9.179825e-02	-6.404172e-02	-2.775653e-02
4.670000e+02	-1.814226e-02	-3.433034e-01	-9.181037e-02	-6.404745e-02	-2.776293e-02
4.680000e+02	-1.813665e-02	-3.431069e-01	-9.181227e-02	-6.404279e-02	-2.776949e-02
4.690000e+02	-1.813621e-02	-3.429143e-01	-9.182416e-02	-6.404829e-02	-2.777587e-02
4.700000e+02	-1.813072e-02	-3.427190e-01	-9.182631e-02	-6.404388e-02	-2.778243e-02
4.710000e+02	-1.813017e-02	-3.425277e-01	-9.183796e-02	-6.404915e-02	-2.778881e-02
4.720000e+02	-1.812482e-02	-3.423337e-01	-9.184036e-02	-6.404499e-02	-2.779536e-02
4.730000e+02	-1.812415e-02	-3.421437e-01	-9.185176e-02	-6.405003e-02	-2.780173e-02
4.740000e+02	-1.811892e-02	-3.419508e-01	-9.185438e-02	-6.404611e-02	-2.780827e-02
4.750000e+02	-1.811815e-02	-3.417621e-01	-9.186556e-02	-6.405093e-02	-2.781462e-02
4.760000e+02	-1.811306e-02	-3.415703e-01	-9.186839e-02	-6.404725e-02	-2.782114e-02
4.770000e+02	-1.811217e-02	-3.413830e-01	-9.187937e-02	-6.405185e-02	-2.782751e-02
4.780000e+02	-1.810718e-02	-3.411923e-01	-9.188243e-02	-6.404840e-02	-2.783403e-02
4.790000e+02	-1.810623e-02	-3.410062e-01	-9.189317e-02	-6.405281e-02	-2.784036e-02
4.800000e+02	-1.810133e-02	-3.408167e-01	-9.189646e-02	-6.404956e-02	-2.784690e-02
4.810000e+02	-1.810031e-02	-3.406318e-01	-9.190701e-02	-6.405382e-02	-2.785319e-02
4.820000e+02	-1.809550e-02	-3.404435e-01	-9.191042e-02	-6.405071e-02	-2.785971e-02
4.830000e+02	-1.809439e-02	-3.402599e-01	-9.192082e-02	-6.405480e-02	-2.786602e-02
4.840000e+02	-1.808966e-02	-3.400726e-01	-9.192444e-02	-6.405188e-02	-2.787256e-02
4.850000e+02	-1.808849e-02	-3.398902e-01	-9.193467e-02	-6.405583e-02	-2.787884e-02
4.860000e+02	-1.808387e-02	-3.397041e-01	-9.193839e-02	-6.405306e-02	-2.788533e-02
4.870000e+02	-1.808263e-02	-3.395229e-01	-9.194850e-02	-6.405688e-02	-2.789162e-02
4.880000e+02	-1.807806e-02	-3.393379e-01	-9.195237e-02	-6.405424e-02	-2.789813e-02
4.890000e+02	-1.807677e-02	-3.391578e-01	-9.196237e-02	-6.405795e-02	-2.790442e-02
4.900000e+02	-1.807227e-02	-3.389739e-01	-9.196634e-02	-6.405544e-02	-2.791090e-02
4.910000e+02	-1.807095e-02	-3.387951e-01	-9.197619e-02	-6.405904e-02	-2.791715e-02
4.920000e+02	-1.806650e-02	-3.386123e-01	-9.198029e-02	-6.405664e-02	-2.792365e-02
4.930000e+02	-1.806513e-02	-3.384345e-01	-9.199007e-02	-6.406016e-02	-2.792991e-02
4.940000e+02	-1.806073e-02	-3.382529e-01	-9.199426e-02	-6.405785e-02	-2.793640e-02
4.950000e+02	-1.805932e-02	-3.380763e-01	-9.200393e-02	-6.406129e-02	-2.794264e-02
4.960000e+02	-1.805498e-02	-3.378957e-01	-9.200818e-02	-6.405907e-02	-2.794911e-02
4.970000e+02	-1.805355e-02	-3.377202e-01	-9.201778e-02	-6.406243e-02	-2.795534e-02
4.980000e+02	-1.804924e-02	-3.375407e-01	-9.202212e-02	-6.406030e-02	-2.796182e-02
4.990000e+02	-1.804778e-02	-3.373663e-01	-9.203165e-02	-6.406361e-02	-2.796804e-02
5.000000e+02	-1.804351e-02	-3.371879e-01	-9.203605e-02	-6.406154e-02	-2.797451e-02
5.010000e+02	-1.804204e-02	-3.370146e-01	-9.204552e-02	-6.406479e-02	-2.798072e-02
5.020000e+02	-1.803780e-02	-3.368372e-01	-9.204997e-02	-6.406279e-02	-2.798718e-02
5.030000e+02	-1.803631e-02	-3.366650e-01	-9.205939e-02	-6.406600e-02	-2.799339e-02
5.040000e+02	-1.803210e-02	-3.364887e-01	-9.206388e-02	-6.406404e-02	-2.799984e-02
5.050000e+02	-1.803059e-02	-3.363176e-01	-9.207326e-02	-6.406723e-02	-2.800604e-02
5.060000e+02	-1.802641e-02	-3.361423e-01	-9.207779e-02	-6.406531e-02	-2.801249e-02
5.070000e+02	-1.802490e-02	-3.359723e-01	-9.208714e-02	-6.406847e-02	-2.801867e-02
5.080000e+02	-1.802073e-02	-3.357980e-01	-9.209169e-02	-6.406658e-02	-2.802511e-02
5.090000e+02	-1.801921e-02	-3.356291e-01	-9.210101e-02	-6.406972e-02	-2.803129e-02
5.100000e+02	-1.801507e-02	-3.354558e-01	-9.210558e-02	-6.406785e-02	-2.803772e-02
5.110000e+02	-1.801355e-02	-3.352879e-01	-9.211488e-02	-6.407099e-02	-2.804389e-02
5.120000e+02	-1.800941e-02	-3.351157e-01	-9.211946e-02	-6.406914e-02	-2.805032e-02
5.130000e+02	-1.800790e-02	-3.349488e-01	-9.212875e-02	-6.407227e-02	-2.805648e-02
5.140000e+02	-1.800377e-02	-3.347776e-01	-9.213333e-02	-6.407044e-02	-2.806289e-02
5.150000e+02	-1.800226e-02	-3.346118e-01	-9.214261e-02	-6.407356e-02	-2.806905e-02
5.160000e+02	-1.799814e-02	-3.344415e-01	-9.214720e-02	-6.407174e-02	-2.807545e-02
5.170000e+02	-1.799663e-02	-3.342767e-01	-9.215646e-02	-6.407486e-02	-2.808160e-02
5.180000e+02	-1.799253e-02	-3.341074e-01	-9.216106e-02	-6.407306e-02	-2.808800e-02
5.190000e+02	-1.799102e-02	-3.339436e-01	-9.217031e-02	-6.407617e-02	-2.809413e-02
5.200000e+02	-1.798693e-02	-3.337754e-01	-9.217490e-02	-6.407438e-02	-2.810053e-02
5.210000e+02	-1.798542e-02	-3.336126e-01	-9.218415e-02	-6.407749e-02	-2.810666e-02
5.220000e+02	-1.798133e-02	-3.334453e-01	-9.218875e-02	-6.407571e-02	-2.811304e-02
5.230000e+02	-1.797983e-02	-3.332835e-01	-9.219799e-02	-6.407883e-02	-2.811916e-02
5.240000e+02	-1.797576e-02	-3.331172e-01	-9.220259e-02	-6.407705e-02	-2.812554e-02
5.250000e+02	-1.797426e-02	-3.329563e-01	-9.221182e-02	-6.408017e-02	-2.813165e-02
5.260000e+02	-1.797019e-02	-3.327910e-01	-9.221642e-02	-6.407840e-02	-2.813802e-02
5.270000e+02	-1.796869e-02	-3.326311e-01	-9.222564e-02	-6.408151e-02	-2.814413e-02
5.280000e+02	-1.796464e-02	-3.324667e-01	-9.223024e-02	-6.407976e-02	-2.815048e-02
5.290000e+02	-1.796314e-02	-3.323078e-01	-9.223946e-02	-6.408287e-02	-2.815659e-02
5.300000e+02	-1.795909e-02	-3.321444e-01	-9.224408e-02	-6.408113e-02	-2.816295e-02
5.310000e+02	-1.795761e-02	-3.319864e-01	-9.225328e-02	-6.408425e-02	-2.816904e-02
5.320000e+02	-1.795357e-02	-3.318239e-01	-9.225788e-02	-6.408251e-02	-2.817538e-02
5.330000e+02	-1.795208e-02	-3.316668e-01	-9.226707e-02	-6.408562e-02	-2.818145e-02
5.340000e+02	-1.794805e-02	-3.315053e-01	-9.227169e-02	-6.408389e-02	-2.818779e-02
5.350000e+02	-1.794657e-02	-3.313492e-01	-9.228088e-02	-6.408701e-02	-2.819387e-02
5.360000e+02	-1.794255e-02	-3.311886e-01	-9.228549e-02	-6.408529e-02	-2.820020e-02
5.370000e+02	-1.794107e-02	-3.310334e-01	-9.229467e-02	-6.408841e-02	-2.820626e-02
5.380000e+02	-1.793706e-02	-3.308737e-01	-9.229928e-02	-6.408670e-02	-2.821258e-02
5.390000e+02	-1.793559e-02	-3.307194e-01	-9.230845e-02	-6.408981e-02	-2.821864e-02
5.400000e+02	-1.793158e-02	-3.305606e-01	-9.231306e-02	-6.408811e-02	-2.822495e-02
5.410000e+02	-1.793011e-02	-3.304072e-01	-9.232222e-02	-6.409122e-02	-2.823100e-02
5.420000e+02	-1.792612e-02	-3.302494e-01	-9.232683e-02	-6.408954e-02	-2.823730e-02
5.430000e+02	-1.792466e-02	-3.300969e-01	-9.233598e-02	-6.409265e-02	-2.824334e-02
5.440000e+02	-1.792067e-02	-3.299399e-01	-9.234060e-02	-6.409097e-02	-2.824963e-02
5.450000e+02	-1.791921e-02	-3.297883e-01	-9.234974e-02	-6.409408e-02	-2.825566e-02
5.460000e+02	-1.791523e-02	-3.296323e-01	-9.235436e-02	-6.409241e-02	-2.826195e-02
5.470000e+02	-1.791378e-02	-3.294815e-01	-9.236349e-02	-6.409552e-02	-2.826797e-02
5.480000e+02	-1.790981e-02	-3.293264e-01	-9.236810e-02	-6.409386e-02	-2.827425e-02
5.490000e+02	-1.790836e-02	-3.291765e-01	-9.237723e-02	-6.409697e-02	-2.828026e-02
5.500000e+02	-1.790440e-02	-3.290222e-01	-9.238184e-02	-6.409532e-02	-2.828653e-02
5.510000e+02	-1.790295e-02	-3.288733e-01	-9.239096e-02	-6.409843e-02	-2.829253e-02
5.520000e+02	-1.789900e-02	-3.287198e-01	-9.239557e-02	-6.409678e-02	-2.829879e-02
5.530000e+02	-1.789755e-02	-3.285717e-01	-9.240468e-02	-6.409989e-02	-2.830478e-02
5.540000e+02	-1.789361e-02	-3.284191e-01	-9.240929e-02	-6.409826e-02	-2.831103e-02
5.550000e+02	-1.789217e-02	-3.282719e-01	-9.241838e-02	-6.410136e-02	-2.831702e-02
5.560000e+02	-1.788824e-02	-3.281201e-01	-9.242299e-02	-6.409974e-02	-2.832326e-02
5.570000e+02	-1.788680e-02	-3.279737e-01	-9.243208e-02	-6.410284e-02	-2.832923e-02
5.580000e+02	-1.788288e-02	-3.278229e-01	-9.243669e-02	-6.410122e-02	-2.833546e-02
5.590000e+02	-1.788145e-02	-3.276773e-01	-9.244576e-02	-6.410433e-02	-2.834143e-02
5.600000e+02	-1.787753e-02	-3.275273e-01	-9.245037e-02	-6.410272e-02	-2.834765e-02
5.610000e+02	-1.787611e-02	-3.273826e-01	-9.245944e-02	-6.410582e-02	-2.835361e-02
5.620000e+02	-1.787220e-02	-3.272333e-01	-9.246404e-02	-6.410422e-02	-2.835982e-02
5.630000e+02	-1.787078e-02	-3.270895e-01	-9.247310e-02	-6.410733e-02	-2.836577e-02
5.640000e+02	-1.786688e-02	-3.269411e-01	-9.247770e-02	-6.410573e-02	-2.837197e-02
5.650000e+02	-1.786546e-02	-3.267980e-01	-9.248675e-02	-6.410883e-02	-2.837791e-02
5.660000e+02	-1.786157e-02	-3.266505e-01	-9.249135e-02	-6.410724e-02	-2.838411e-02
5.670000e+02	-1.786015e-02	-3.265082e-01	-9.250038e-02	-6.411034e-02	-2.839004e-02
5.680000e+02	-1.785627e-02	-3.263615e-01	-9.250499e-02	-6.410876e-02	-2.839622e-02
5.690000e+02	-1.785486e-02	-3.262200e-01	-9.251400e-02	-6.411186e-02	-2.840214e-02
5.700000e+02	-1.785099e-02	-3.260741e-01	-9.251861e-02	-6.411029e-02	-2.840832e-02
5.710000e+02	-1.784958e-02	-3.259334e-01	-9.252761e-02	-6.411339e-02	-2.841423e-02
5.720000e+02	-1.784571e-02	-3.257883e-01	-9.253221e-02	-6.411182e-02	-2.842039e-02
5.730000e+02	-1.784431e-02	-3.256485e-01	-9.254121e-02	-6.411491e-02	-2.842629e-02
5.740000e+02	-1.784045e-02	-3.255041e-01	-9.254580e-02	-6.411336e-02	-2.843245e-02
5.750000e+02	-1.783905e-02	-3.253651e-01	-9.255479e-02	-6.411645e-02	-2.843834e-02
5.760000e+02	-1.783521e-02	-3.252215e-01	-9.255938e-02	-6.411490e-02	-2.844448e-02
5.770000e+02	-1.783381e-02	-3.250833e-01	-9.256835e-02	-6.411799e-02	-2.845037e-02
5.780000e+02	-1.782997e-02	-3.249405e-01	-9.257294e-02	-6.411644e-02	-2.845650e-02
5.790000e+02	-1.782858e-02	-3.248030e-01	-9.258190e-02	-6.411953e-02	-2.846237e-02
5.800000e+02	-1.782475e-02	-3.246610e-01	-9.258649e-02	-6.411799e-02	-2.846849e-02
5.810000e+02	-1.782336e-02	-3.245243e-01	-9.259543e-02	-6.412108e-02	-2.847436e-02
5.820000e+02	-1.781954e-02	-3.243831e-01	-9.260000e-02	-6.411954e-02	-2.848046e-02
5.830000e+02	-1.781816e-02	-3.242472e-01	-9.260895e-02	-6.412263e-02	-2.848632e-02
5.840000e+02	-1.781434e-02	-3.241067e-01	-9.261353e-02	-6.412110e-02	-2.849242e-02
5.850000e+02	-1.781296e-02	-3.239716e-01	-9.262245e-02	-6.412419e-02	-2.849826e-02
5.860000e+02	-1.780916e-02	-3.238319e-01	-9.262702e-02	-6.412267e-02	-2.850435e-02
5.870000e+02	-1.780778e-02	-3.236974e-01	-9.263592e-02	-6.412574e-02	-2.851018e-02
5.880000e+02	-1.780398e-02	-3.235585e-01	-9.264049e-02	-6.412423e-02	-2.851626e-02
5.890000e+02	-1.780261e-02	-3.234248e-01	-9.264939e-02	-6.412731e-02	-2.852208e-02
5.900000e+02	-1.779882e-02	-3.232867e-01	-9.265396e-02	-6.412580e-02	-2.852815e-02
5.910000e+02	-1.779746e-02	-3.231537e-01	-9.266284e-02	-6.412888e-02	-2.853396e-02
5.920000e+02	-1.779368e-02	-3.230163e-01	-9.266740e-02	-6.412738e-02	-2.854002e-02
5.930000e+02	-1.779231e-02	-3.228841e-01	-9.267627e-02	-6.413045e-02	-2.854582e-02
5.940000e+02	-1.778854e-02	-3.227474e-01	-9.268081e-02	-6.412895e-02	-2.855186e-02
5.950000e+02	-1.778718e-02	-3.226159e-01	-9.268968e-02	-6.413202e-02	-2.855766e-02
5.960000e+02	-1.778342e-02	-3.224800e-01	-9.269423e-02	-6.413053e-02	-2.856370e-02
5.970000e+02	-1.778206e-02	-3.223492e-01	-9.270308e-02	-6.413360e-02	-2.856948e-02
5.980000e+02	-1.777831e-02	-3.222140e-01	-9.270761e-02	-6.413212e-02	-2.857549e-02
5.990000e+02	-1.777696e-02	-3.220840e-01	-9.271645e-02	-6.413518e-02	-2.858127e-02
6.000000e+02	-1.777322e-02	-3.219495e-01	-9.272097e-02	-6.413370e-02	-2.858727e-02
6.010000e+02	-1.777186e-02	-3.218202e-01	-9.272982e-02	-6.413677e-02	-2.859305e-02
6.020000e+02	-1.776812e-02	-3.216864e-01	-9.273436e-02	-6.413530e-02	-2.859906e-02
6.030000e+02	-1.776702e-02	-3.215602e-01	-9.274231e-02	-6.413818e-02	-2.860413e-02
6.040000e+02	-1.776327e-02	-3.214272e-01	-9.274694e-02	-6.413674e-02	-2.861020e-02
6.050000e+02	-1.776202e-02	-3.213000e-01	-9.275548e-02	-6.413976e-02	-2.861573e-02
6.060000e+02	-1.775815e-02	-3.211665e-01	-9.276049e-02	-6.413840e-02	-2.862210e-02
6.070000e+02	-1.775691e-02	-3.210402e-01	-9.276893e-02	-6.414137e-02	-2.862756e-02
6.080000e+02	-1.775312e-02	-3.209084e-01	-9.277373e-02	-6.413999e-02	-2.863375e-02
6.090000e+02	-1.775190e-02	-3.207835e-01	-9.278215e-02	-6.414297e-02	-2.863917e-02
6.100000e+02	-1.774813e-02	-3.206523e-01	-9.278693e-02	-6.414159e-02	-2.864534e-02
6.110000e+02	-1.774690e-02	-3.205269e-01	-9.279534e-02	-6.414457e-02	-2.865077e-02
6.120000e+02	-1.774312e-02	-3.203960e-01	-9.280014e-02	-6.414319e-02	-2.865695e-02
6.130000e+02	-1.774190e-02	-3.202717e-01	-9.280850e-02	-6.414615e-02	-2.866234e-02
6.140000e+02	-1.773813e-02	-3.201420e-01	-9.281332e-02	-6.414479e-02	-2.866853e-02
6.150000e+02	-1.773688e-02	-3.200188e-01	-9.282178e-02	-6.414778e-02	-2.867401e-02
6.160000e+02	-1.773311e-02	-3.198897e-01	-9.282659e-02	-6.414641e-02	-2.868018e-02
6.170000e+02	-1.773189e-02	-3.197661e-01	-9.283497e-02	-6.414938e-02	-2.868559e-02
6.180000e+02	-1.772848e-02	-3.196398e-01	-9.283898e-02	-6.414797e-02	-2.869101e-02
6.190000e+02	-1.772724e-02	-3.195175e-01	-9.284732e-02	-6.415090e-02	-2.869642e-02
6.200000e+02	-1.772323e-02	-3.193885e-01	-9.285272e-02	-6.414960e-02	-2.870313e-02
6.210000e+02	-1.772187e-02	-3.192657e-01	-9.286146e-02	-6.415260e-02	-2.870886e-02
6.220000e+02	-1.771846e-02	-3.191409e-01	-9.286554e-02	-6.415123e-02	-2.871431e-02
6.230000e+02	-1.771729e-02	-3.190205e-01	-9.287373e-02	-6.415416e-02	-2.871957e-02
6.240000e+02	-1.771372e-02	-3.188952e-01	-9.287811e-02	-6.415278e-02	-2.872533e-02
6.250000e+02	-1.771232e-02	-3.187735e-01	-9.288684e-02	-6.415574e-02	-2.873110e-02
6.260000e+02	-1.770867e-02	-3.186482e-01	-9.289151e-02	-6.415442e-02	-2.873709e-02
6.270000e+02	-1.770734e-02	-3.185278e-01	-9.290012e-02	-6.415739e-02	-2.874272e-02
6.280000e+02	-1.770380e-02	-3.184043e-01	-9.290449e-02	-6.415604e-02	-2.874845e-02
6.290000e+02	-1.770250e-02	-3.182849e-01	-9.291296e-02	-6.415898e-02	-2.875398e-02
6.300000e+02	-1.769893e-02	-3.181613e-01	-9.291742e-02	-6.415764e-02	-2.875978e-02
6.310000e+02	-1.769759e-02	-3.180417e-01	-9.292603e-02	-6.416061e-02	-2.876542e-02
6.320000e+02	-1.769402e-02	-3.179185e-01	-9.293052e-02	-6.415928e-02	-2.877124e-02
6.330000e+02	-1.769270e-02	-3.178001e-01	-9.293906e-02	-6.416223e-02	-2.877683e-02
6.340000e+02	-1.768915e-02	-3.176782e-01	-9.294350e-02	-6.416090e-02	-2.878260e-02
6.350000e+02	-1.768785e-02	-3.175605e-01	-9.295200e-02	-6.416385e-02	-2.878815e-02
6.360000e+02	-1.768431e-02	-3.174388e-01	-9.295644e-02	-6.416253e-02	-2.879392e-02
6.370000e+02	-1.768299e-02	-3.173212e-01	-9.296496e-02	-6.416548e-02	-2.879949e-02
6.380000e+02	-1.767944e-02	-3.172000e-01	-9.296946e-02	-6.416416e-02	-2.880529e-02
6.390000e+02	-1.767813e-02	-3.170833e-01	-9.297796e-02	-6.416711e-02	-2.881084e-02
6.400000e+02	-1.767460e-02	-3.169630e-01	-9.298239e-02	-6.416580e-02	-2.881659e-02
6.410000e+02	-1.767331e-02	-3.168471e-01	-9.299085e-02	-6.416874e-02	-2.882211e-02
6.420000e+02	-1.766979e-02	-3.167273e-01	-9.299526e-02	-6.416742e-02	-2.882784e-02
6.430000e+02	-1.766849e-02	-3.166117e-01	-9.300374e-02	-6.417036e-02	-2.883338e-02
6.440000e+02	-1.766496e-02	-3.164923e-01	-9.300819e-02	-6.416906e-02	-2.883913e-02
6.450000e+02	-1.766367e-02	-3.163774e-01	-9.301666e-02	-6.417200e-02	-2.884466e-02
6.460000e+02	-1.766016e-02	-3.162587e-01	-9.302107e-02	-6.417070e-02	-2.885037e-02
6.470000e+02	-1.765888e-02	-3.161446e-01	-9.302950e-02	-6.417363e-02	-2.885587e-02
6.480000e+02	-1.765538e-02	-3.160266e-01	-9.303390e-02	-6.417232e-02	-2.886157e-02
6.490000e+02	-1.765409e-02	-3.159129e-01	-9.304232e-02	-6.417526e-02	-2.886707e-02
6.500000e+02	-1.765060e-02	-3.157954e-01	-9.304672e-02	-6.417396e-02	-2.887276e-02
6.510000e+02	-1.764932e-02	-3.156823e-01	-9.305514e-02	-6.417689e-02	-2.887825e-02
6.520000e+02	-1.764583e-02	-3.155653e-01	-9.305953e-02	-6.417559e-02	-2.888393e-02
6.530000e+02	-1.764456e-02	-3.154529e-01	-9.306793e-02	-6.417852e-02	-2.888940e-02
6.540000e+02	-1.764108e-02	-3.153366e-01	-9.307230e-02	-6.417723e-02	-2.889507e-02
6.550000e+02	-1.763981e-02	-3.152247e-01	-9.308068e-02	-6.418015e-02	-2.890053e-02
6.560000e+02	-1.763634e-02	-3.151090e-01	-9.308504e-02	-6.417886e-02	-2.890618e-02
6.570000e+02	-1.763508e-02	-3.149977e-01	-9.309339e-02	-6.418178e-02	-2.891161e-02
6.580000e+02	-1.763161e-02	-3.148825e-01	-9.309778e-02	-6.418050e-02	-2.891728e-02
6.590000e+02	-1.763036e-02	-3.147718e-01	-9.310612e-02	-6.418342e-02	-2.892270e-02
6.600000e+02	-1.762690e-02	-3.146572e-01	-9.311046e-02	-6.418213e-02	-2.892832e-02
6.610000e+02	-1.762565e-02	-3.145471e-01	-9.311878e-02	-6.418505e-02	-2.893374e-02
6.620000e+02	-1.762220e-02	-3.144330e-01	-9.312312e-02	-6.418376e-02	-2.893936e-02
6.630000e+02	-1.762096e-02	-3.143235e-01	-9.313143e-02	-6.418668e-02	-2.894476e-02
6.640000e+02	-1.761752e-02	-3.142100e-01	-9.313577e-02	-6.418540e-02	-2.895037e-02
6.650000e+02	-1.761628e-02	-3.141010e-01	-9.314409e-02	-6.418832e-02	-2.895577e-02
6.660000e+02	-1.761285e-02	-3.139882e-01	-9.314839e-02	-6.418704e-02	-2.896135e-02
6.670000e+02	-1.761161e-02	-3.138797e-01	-9.315666e-02	-6.418994e-02	-2.896672e-02
6.680000e+02	-1.760819e-02	-3.137674e-01	-9.316096e-02	-6.418867e-02	-2.897229e-02
6.690000e+02	-1.760696e-02	-3.136595e-01	-9.316923e-02	-6.419157e-02	-2.897766e-02
6.700000e+02	-1.760354e-02	-3.135477e-01	-9.317354e-02	-6.419031e-02	-2.898324e-02
6.710000e+02	-1.760231e-02	-3.134404e-01	-9.318181e-02	-6.419321e-02	-2.898859e-02
6.720000e+02	-1.759890e-02	-3.133292e-01	-9.318608e-02	-6.419195e-02	-2.899414e-02
6.730000e+02	-1.759769e-02	-3.132225e-01	-9.319431e-02	-6.419484e-02	-2.899947e-02
6.740000e+02	-1.759428e-02	-3.131118e-01	-9.319858e-02	-6.419357e-02	-2.900500e-02
6.750000e+02	-1.759307e-02	-3.130057e-01	-9.320678e-02	-6.419647e-02	-2.901032e-02
6.760000e+02	-1.758967e-02	-3.128955e-01	-9.321107e-02	-6.419521e-02	-2.901586e-02
6.770000e+02	-1.758846e-02	-3.127899e-01	-9.321928e-02	-6.419811e-02	-2.902118e-02
6.780000e+02	-1.758508e-02	-3.126803e-01	-9.322354e-02	-6.419685e-02	-2.902669e-02
6.790000e+02	-1.758388e-02	-3.125752e-01	-9.323172e-02	-6.419974e-02	-2.903198e-02
6.800000e+02	-1.758050e-02	-3.124661e-01	-9.323596e-02	-6.419848e-02	-2.903748e-02
6.810000e+02	-1.757930e-02	-3.123616e-01	-9.324412e-02	-6.420136e-02	-2.904276e-02
6.820000e+02	-1.757593e-02	-3.122531e-01	-9.324837e-02	-6.420011e-02	-2.904826e-02
6.830000e+02	-1.757474e-02	-3.121491e-01	-9.325652e-02	-6.420300e-02	-2.905352e-02
6.840000e+02	-1.757137e-02	-3.120411e-01	-9.326075e-02	-6.420175e-02	-2.905901e-02
6.850000e+02	-1.757018e-02	-3.119377e-01	-9.326889e-02	-6.420463e-02	-2.906426e-02
6.860000e+02	-1.756683e-02	-3.118302e-01	-9.327311e-02	-6.420338e-02	-2.906972e-02
6.870000e+02	-1.756565e-02	-3.117273e-01	-9.328121e-02	-6.420626e-02	-2.907496e-02
6.880000e+02	-1.756230e-02	-3.116204e-01	-9.328542e-02	-6.420501e-02	-2.908041e-02
6.890000e+02	-1.756112e-02	-3.115180e-01	-9.329353e-02	-6.420788e-02	-2.908564e-02
6.900000e+02	-1.755778e-02	-3.114116e-01	-9.329772e-02	-6.420664e-02	-2.909108e-02
6.910000e+02	-1.755661e-02	-3.113097e-01	-9.330580e-02	-6.420951e-02	-2.909629e-02
6.920000e+02	-1.755328e-02	-3.112039e-01	-9.330999e-02	-6.420827e-02	-2.910171e-02
6.930000e+02	-1.755211e-02	-3.111025e-01	-9.331805e-02	-6.421114e-02	-2.910691e-02
6.940000e+02	-1.754879e-02	-3.109972e-01	-9.332223e-02	-6.420990e-02	-2.911233e-02
6.950000e+02	-1.754763e-02	-3.108964e-01	-9.333027e-02	-6.421277e-02	-2.911751e-02
6.960000e+02	-1.754431e-02	-3.107916e-01	-9.333444e-02	-6.421153e-02	-2.912291e-02
6.970000e+02	-1.754316e-02	-3.106913e-01	-9.334247e-02	-6.421439e-02	-2.912808e-02
6.980000e+02	-1.753985e-02	-3.105869e-01	-9.334662e-02	-6.421316e-02	-2.913346e-02
6.990000e+02	-1.753870e-02	-3.104872e-01	-9.335463e-02	-6.421602e-02	-2.913862e-02
7.000000e+02	-1.753540e-02	-3.103834e-01	-9.335877e-02	-6.421478e-02	-2.914399e-02
7.010000e+02	-1.753426e-02	-3.102841e-01	-9.336675e-02	-6.421763e-02	-2.914912e-02
7.020000e+02	-1.753096e-02	-3.101808e-01	-9.337089e-02	-6.421640e-02	-2.915448e-02
7.030000e+02	-1.752982e-02	-3.100821e-01	-9.337887e-02	-6.421926e-02	-2.915962e-02
7.040000e+02	-1.752654e-02	-3.099793e-01	-9.338299e-02	-6.421803e-02	-2.916496e-02
7.050000e+02	-1.752541e-02	-3.098810e-01	-9.339094e-02	-6.422088e-02	-2.917006e-02
7.060000e+02	-1.752213e-02	-3.097788e-01	-9.339504e-02	-6.421965e-02	-2.917539e-02
7.070000e+02	-1.752100e-02	-3.096810e-01	-9.340298e-02	-6.422249e-02	-2.918049e-02
7.080000e+02	-1.751773e-02	-3.095792e-01	-9.340708e-02	-6.422127e-02	-2.918581e-02
7.090000e+02	-1.751661e-02	-3.094820e-01	-9.341500e-02	-6.422411e-02	-2.919089e-02
7.100000e+02	-1.751335e-02	-3.093807e-01	-9.341908e-02	-6.422289e-02	-2.919619e-02
7.110000e+02	-1.751223e-02	-3.092840e-01	-9.342698e-02	-6.422572e-02	-2.920125e-02
7.120000e+02	-1.750898e-02	-3.091832e-01	-9.343105e-02	-6.422450e-02	-2.920655e-02
7.130000e+02	-1.750787e-02	-3.090870e-01	-9.343893e-02	-6.422733e-02	-2.921160e-02
7.140000e+02	-1.750462e-02	-3.089867e-01	-9.344299e-02	-6.422611e-02	-2.921688e-02
7.150000e+02	-1.750352e-02	-3.088910e-01	-9.345085e-02	-6.422895e-02	-2.922191e-02
7.160000e+02	-1.750028e-02	-3.087911e-01	-9.345490e-02	-6.422773e-02	-2.922717e-02
7.170000e+02	-1.749918e-02	-3.086959e-01	-9.346274e-02	-6.423055e-02	-2.923219e-02
7.180000e+02	-1.749595e-02	-3.085966e-01	-9.346678e-02	-6.422934e-02	-2.923744e-02
7.190000e+02	-1.749486e-02	-3.085018e-01	-9.347461e-02	-6.423216e-02	-2.924245e-02
7.200000e+02	-1.749163e-02	-3.084030e-01	-9.347863e-02	-6.423095e-02	-2.924768e-02
7.210000e+02	-1.749055e-02	-3.083087e-01	-9.348643e-02	-6.423377e-02	-2.925267e-02
7.220000e+02	-1.748733e-02	-3.082104e-01	-9.349044e-02	-6.423255e-02	-2.925789e-02
7.230000e+02	-1.748625e-02	-3.081166e-01	-9.349823e-02	-6.423537e-02	-2.926286e-02
7.240000e+02	-1.748304e-02	-3.080187e-01	-9.350222e-02	-6.423415e-02	-2.926807e-02
7.250000e+02	-1.748197e-02	-3.079254e-01	-9.350999e-02	-6.423697e-02	-2.927303e-02
7.260000e+02	-1.747877e-02	-3.078280e-01	-9.351397e-02	-6.423576e-02	-2.927822e-02
7.270000e+02	-1.747770e-02	-3.077352e-01	-9.352172e-02	-6.423857e-02	-2.928316e-02
7.280000e+02	-1.747451e-02	-3.076383e-01	-9.352569e-02	-6.423735e-02	-2.928834e-02
7.290000e+02	-1.747345e-02	-3.075459e-01	-9.353342e-02	-6.424016e-02	-2.929326e-02
7.300000e+02	-1.747026e-02	-3.074495e-01	-9.353738e-02	-6.423895e-02	-2.929843e-02
7.310000e+02	-1.746921e-02	-3.073576e-01	-9.354509e-02	-6.424175e-02	-2.930334e-02
7.320000e+02	-1.746603e-02	-3.072616e-01	-9.354903e-02	-6.424055e-02	-2.930848e-02
7.330000e+02	-1.746499e-02	-3.071702e-01	-9.355673e-02	-6.424335e-02	-2.931338e-02
7.340000e+02	-1.746181e-02	-3.070747e-01	-9.356065e-02	-6.424214e-02	-2.931851e-02
7.350000e+02	-1.746076e-02	-3.069837e-01	-9.356833e-02	-6.424493e-02	-2.932340e-02
7.360000e+02	-1.745761e-02	-3.068887e-01	-9.357222e-02	-6.424372e-02	-2.932850e-02
7.370000e+02	-1.745657e-02	-3.067983e-01	-9.357993e-02	-6.424653e-02	-2.933340e-02
7.380000e+02	-1.745342e-02	-3.067037e-01	-9.358382e-02	-6.424533e-02	-2.933849e-02
7.390000e+02	-1.745238e-02	-3.066135e-01	-9.359146e-02	-6.424812e-02	-2.934335e-02
7.400000e+02	-1.744926e-02	-3.065194e-01	-9.359526e-02	-6.424689e-02	-2.934838e-02
7.410000e+02	-1.744823e-02	-3.064300e-01	-9.360288e-02	-6.424967e-02	-2.935321e-02
7.420000e+02	-1.744509e-02	-3.063364e-01	-9.360677e-02	-6.424847e-02	-2.935830e-02
7.430000e+02	-1.744406e-02	-3.062471e-01	-9.361443e-02	-6.425127e-02	-2.936316e-02
7.440000e+02	-1.744094e-02	-3.061539e-01	-9.361824e-02	-6.425006e-02	-2.936817e-02
7.450000e+02	-1.743993e-02	-3.060653e-01	-9.362582e-02	-6.425284e-02	-2.937299e-02
7.460000e+02	-1.743681e-02	-3.059726e-01	-9.362966e-02	-6.425163e-02	-2.937802e-02
7.470000e+02	-1.743580e-02	-3.058843e-01	-9.363725e-02	-6.425442e-02	-2.938283e-02
7.480000e+02	-1.743270e-02	-3.057920e-01	-9.364100e-02	-6.425320e-02	-2.938780e-02
7.490000e+02	-1.743169e-02	-3.057044e-01	-9.364856e-02	-6.425597e-02	-2.939259e-02
7.500000e+02	-1.742858e-02	-3.056125e-01	-9.365239e-02	-6.425478e-02	-2.939762e-02
7.510000e+02	-1.742758e-02	-3.055251e-01	-9.365995e-02	-6.425756e-02	-2.940239e-02
7.520000e+02	-1.742451e-02	-3.054337e-01	-9.366368e-02	-6.425634e-02	-2.940733e-02
7.530000e+02	-1.742351e-02	-3.053469e-01	-9.367117e-02	-6.425910e-02	-2.941207e-02
7.540000e+02	-1.742042e-02	-3.052560e-01	-9.367496e-02	-6.425790e-02	-2.941706e-02
7.550000e+02	-1.741944e-02	-3.051695e-01	-9.368249e-02	-6.426068e-02	-2.942181e-02
7.560000e+02	-1.741637e-02	-3.050789e-01	-9.368619e-02	-6.425947e-02	-2.942672e-02
7.570000e+02	-1.741539e-02	-3.049930e-01	-9.369366e-02	-6.426222e-02	-2.943144e-02
7.580000e+02	-1.741232e-02	-3.049030e-01	-9.369742e-02	-6.426102e-02	-2.943639e-02
7.590000e+02	-1.741134e-02	-3.048173e-01	-9.370490e-02	-6.426379e-02	-2.944111e-02
7.600000e+02	-1.740830e-02	-3.047277e-01	-9.370856e-02	-6.426258e-02	-2.944598e-02
7.610000e+02	-1.740733e-02	-3.046427e-01	-9.371599e-02	-6.426532e-02	-2.945066e-02
7.620000e+02	-1.740427e-02	-3.045535e-01	-9.371972e-02	-6.426413e-02	-2.945559e-02
7.630000e+02	-1.740331e-02	-3.044687e-01	-9.372716e-02	-6.426689e-02	-2.946027e-02
7.640000e+02	-1.740028e-02	-3.043799e-01	-9.373079e-02	-6.426568e-02	-2.946512e-02
7.650000e+02	-1.739933e-02	-3.042958e-01	-9.373817e-02	-6.426841e-02	-2.946976e-02
7.660000e+02	-1.739629e-02	-3.042075e-01	-9.374187e-02	-6.426722e-02	-2.947465e-02
7.670000e+02	-1.739534e-02	-3.041236e-01	-9.374927e-02	-6.426997e-02	-2.947930e-02
7.680000e+02	-1.739233e-02	-3.040356e-01	-9.375287e-02	-6.426876e-02	-2.948411e-02
7.690000e+02	-1.739138e-02	-3.039523e-01	-9.376022e-02	-6.427149e-02	-2.948873e-02
7.700000e+02	-1.738836e-02	-3.038649e-01	-9.376388e-02	-6.427030e-02	-2.949358e-02
7.710000e+02	-1.738742e-02	-3.037818e-01	-9.377124e-02	-6.427305e-02	-2.949820e-02
7.720000e+02	-1.738443e-02	-3.036947e-01	-9.377481e-02	-6.427183e-02	-2.950297e-02
7.730000e+02	-1.738350e-02	-3.036122e-01	-9.378211e-02	-6.427455e-02	-2.950756e-02
7.740000e+02	-1.738049e-02	-3.035256e-01	-9.378574e-02	-6.427336e-02	-2.951238e-02
7.750000e+02	-1.737957e-02	-3.034434e-01	-9.379307e-02	-6.427610e-02	-2.951696e-02
7.760000e+02	-1.737659e-02	-3.033571e-01	-9.379660e-02	-6.427489e-02	-2.952171e-02
7.770000e+02	-1.737567e-02	-3.032755e-01	-9.380386e-02	-6.427760e-02	-2.952626e-02
7.780000e+02	-1.737268e-02	-3.031898e-01	-9.380746e-02	-6.427641e-02	-2.953105e-02
7.790000e+02	-1.737177e-02	-3.031084e-01	-9.381473e-02	-6.427914e-02	-2.953559e-02
7.800000e+02	-1.736881e-02	-3.030229e-01	-9.381823e-02	-6.427793e-02	-2.954030e-02
7.810000e+02	-1.736791e-02	-3.029422e-01	-9.382545e-02	-6.428063e-02	-2.954482e-02
7.820000e+02	-1.736493e-02	-3.028572e-01	-9.382902e-02	-6.427944e-02	-2.954957e-02
7.830000e+02	-1.736404e-02	-3.027766e-01	-9.383626e-02	-6.428217e-02	-2.955409e-02
7.840000e+02	-1.736110e-02	-3.026920e-01	-9.383972e-02	-6.428096e-02	-2.955876e-02
7.850000e+02	-1.736020e-02	-3.026121e-01	-9.384689e-02	-6.428365e-02	-2.956324e-02
7.860000e+02	-1.735725e-02	-3.025279e-01	-9.385042e-02	-6.428246e-02	-2.956796e-02
7.870000e+02	-1.735637e-02	-3.024482e-01	-9.385762e-02	-6.428518e-02	-2.957245e-02
7.880000e+02	-1.735344e-02	-3.023644e-01	-9.386105e-02	-6.428397e-02	-2.957709e-02
7.890000e+02	-1.735256e-02	-3.022852e-01	-9.386819e-02	-6.428665e-02	-2.958153e-02
7.900000e+02	-1.734962e-02	-3.022019e-01	-9.387168e-02	-6.428546e-02	-2.958622e-02
7.910000e+02	-1.734875e-02	-3.021229e-01	-9.387883e-02	-6.428817e-02	-2.959066e-02
7.920000e+02	-1.734584e-02	-3.020399e-01	-9.388223e-02	-6.428696e-02	-2.959527e-02
7.930000e+02	-1.734498e-02	-3.019616e-01	-9.388932e-02	-6.428964e-02	-2.959968e-02
7.940000e+02	-1.734206e-02	-3.018791e-01	-9.389278e-02	-6.428845e-02	-2.960434e-02
7.950000e+02	-1.734120e-02	-3.018009e-01	-9.389990e-02	-6.429115e-02	-2.960875e-02
7.960000e+02	-1.733831e-02	-3.017187e-01	-9.390326e-02	-6.428994e-02	-2.961332e-02
7.970000e+02	-1.733746e-02	-3.016412e-01	-9.391029e-02	-6.429261e-02	-2.961769e-02
7.980000e+02	-1.733455e-02	-3.015595e-01	-9.391372e-02	-6.429141e-02	-2.962231e-02
7.990000e+02	-1.733371e-02	-3.014821e-01	-9.392080e-02	-6.429411e-02	-2.962669e-02
8.000000e+02	-1.733083e-02	-3.014006e-01	-9.392413e-02	-6.429290e-02	-2.963123e-02
8.010000e+02	-1.732999e-02	-3.013239e-01	-9.393113e-02	-6.429556e-02	-2.963557e-02
8.020000e+02	-1.732711e-02	-3.012430e-01	-9.393452e-02	-6.429437e-02	-2.964015e-02
8.030000e+02	-1.732628e-02	-3.011664e-01	-9.394155e-02	-6.429705e-02	-2.964449e-02
8.040000e+02	-1.732342e-02	-3.010857e-01	-9.394484e-02	-6.429584e-02	-2.964900e-02
8.050000e+02	-1.732260e-02	-3.010097e-01	-9.395180e-02	-6.429850e-02	-2.965330e-02
8.060000e+02	-1.731973e-02	-3.009296e-01	-9.395515e-02	-6.429730e-02	-2.965785e-02
8.070000e+02	-1.731891e-02	-3.008538e-01	-9.396214e-02	-6.429998e-02	-2.966216e-02
8.080000e+02	-1.731607e-02	-3.007739e-01	-9.396539e-02	-6.429877e-02	-2.966663e-02
8.090000e+02	-1.731526e-02	-3.006987e-01	-9.397231e-02	-6.430141e-02	-2.967089e-02
8.100000e+02	-1.731241e-02	-3.006193e-01	-9.397562e-02	-6.430022e-02	-2.967541e-02
8.110000e+02	-1.731160e-02	-3.005442e-01	-9.398257e-02	-6.430289e-02	-2.967968e-02
8.120000e+02	-1.730878e-02	-3.004651e-01	-9.398579e-02	-6.430167e-02	-2.968411e-02
8.130000e+02	-1.730798e-02	-3.003907e-01	-9.399266e-02	-6.430431e-02	-2.968835e-02
8.140000e+02	-1.730515e-02	-3.003120e-01	-9.399594e-02	-6.430312e-02	-2.969282e-02
8.150000e+02	-1.730436e-02	-3.002377e-01	-9.400284e-02	-6.430578e-02	-2.969706e-02
8.160000e+02	-1.730155e-02	-3.001594e-01	-9.400602e-02	-6.430456e-02	-2.970146e-02
8.170000e+02	-1.730077e-02	-3.000857e-01	-9.401285e-02	-6.430720e-02	-2.970566e-02
8.180000e+02	-1.729795e-02	-3.000078e-01	-9.401610e-02	-6.430600e-02	-2.971010e-02
8.190000e+02	-1.729718e-02	-2.999343e-01	-9.402295e-02	-6.430865e-02	-2.971430e-02
8.200000e+02	-1.729439e-02	-2.998566e-01	-9.402609e-02	-6.430744e-02	-2.971866e-02
8.210000e+02	-1.729362e-02	-2.997837e-01	-9.403288e-02	-6.431006e-02	-2.972282e-02
8.220000e+02	-1.729082e-02	-2.997065e-01	-9.403609e-02	-6.430886e-02	-2.972723e-02
8.230000e+02	-1.729006e-02	-2.996337e-01	-9.404290e-02	-6.431151e-02	-2.973139e-02
8.240000e+02	-1.728728e-02	-2.995569e-01	-9.404601e-02	-6.431029e-02	-2.973572e-02
8.250000e+02	-1.728653e-02	-2.994847e-01	-9.405275e-02	-6.431290e-02	-2.973985e-02
8.260000e+02	-1.728374e-02	-2.994083e-01	-9.405592e-02	-6.431170e-02	-2.974422e-02
8.270000e+02	-1.728300e-02	-2.993362e-01	-9.406269e-02	-6.431434e-02	-2.974835e-02
8.280000e+02	-1.728024e-02	-2.992600e-01	-9.406576e-02	-6.431312e-02	-2.975264e-02
8.290000e+02	-1.727950e-02	-2.991886e-01	-9.407246e-02	-6.431573e-02	-2.975673e-02
8.300000e+02	-1.727673e-02	-2.991129e-01	-9.407559e-02	-6.431453e-02	-2.976106e-02
8.310000e+02	-1.727600e-02	-2.990415e-01	-9.408231e-02	-6.431716e-02	-2.976515e-02
8.320000e+02	-1.727327e-02	-2.989661e-01	-9.408534e-02	-6.431594e-02	-2.976940e-02
8.330000e+02	-1.727254e-02	-2.988953e-01	-9.409199e-02	-6.431854e-02	-2.977346e-02
8.340000e+02	-1.726979e-02	-2.988204e-01	-9.409508e-02	-6.431733e-02	-2.977775e-02
8.350000e+02	-1.726908e-02	-2.987497e-01	-9.410175e-02	-6.431995e-02	-2.978180e-02
8.360000e+02	-1.726636e-02	-2.986750e-01	-9.410474e-02	-6.431873e-02	-2.978601e-02
8.370000e+02	-1.726565e-02	-2.986050e-01	-9.411134e-02	-6.432132e-02	-2.979002e-02
8.380000e+02	-1.726292e-02	-2.985307e-01	-9.411439e-02	-6.432011e-02	-2.979427e-02
8.390000e+02	-1.726222e-02	-2.984608e-01	-9.412101e-02	-6.432273e-02	-2.979828e-02
8.400000e+02	-1.725952e-02	-2.983868e-01	-9.412396e-02	-6.432150e-02	-2.980245e-02
8.410000e+02	-1.725883e-02	-2.983174e-01	-9.413051e-02	-6.432408e-02	-2.980643e-02
8.420000e+02	-1.725612e-02	-2.982438e-01	-9.413351e-02	-6.432287e-02	-2.981064e-02
8.430000e+02	-1.725544e-02	-2.981746e-01	-9.414009e-02	-6.432548e-02	-2.981461e-02
8.440000e+02	-1.725276e-02	-2.981013e-01	-9.414299e-02	-6.432425e-02	-2.981874e-02
8.450000e+02	-1.725208e-02	-2.980327e-01	-9.414949e-02	-6.432682e-02	-2.982267e-02
8.460000e+02	-1.724939e-02	-2.979598e-01	-9.415245e-02	-6.432561e-02	-2.982684e-02
8.470000e+02	-1.724872e-02	-2.978913e-01	-9.415898e-02	-6.432821e-02	-2.983077e-02
8.480000e+02	-1.724606e-02	-2.978186e-01	-9.416184e-02	-6.432698e-02	-2.983486e-02
8.490000e+02	-1.724540e-02	-2.977507e-01	-9.416829e-02	-6.432954e-02	-2.983875e-02
8.500000e+02	-1.724272e-02	-2.976785e-01	-9.417121e-02	-6.432833e-02	-2.984288e-02
8.510000e+02	-1.724207e-02	-2.976107e-01	-9.417769e-02	-6.433092e-02	-2.984677e-02
8.520000e+02	-1.723943e-02	-2.975387e-01	-9.418051e-02	-6.432968e-02	-2.985083e-02
8.530000e+02	-1.723878e-02	-2.974714e-01	-9.418692e-02	-6.433224e-02	-2.985468e-02
8.540000e+02	-1.723613e-02	-2.973999e-01	-9.418979e-02	-6.433102e-02	-2.985877e-02
8.550000e+02	-1.723549e-02	-2.973328e-01	-9.419622e-02	-6.433360e-02	-2.986262e-02
8.560000e+02	-1.723287e-02	-2.972615e-01	-9.419900e-02	-6.433237e-02	-2.986663e-02
8.570000e+02	-1.723224e-02	-2.971949e-01	-9.420536e-02	-6.433491e-02	-2.987044e-02
8.580000e+02	-1.722960e-02	-2.971241e-01	-9.420819e-02	-6.433370e-02	-2.987449e-02
8.590000e+02	-1.722898e-02	-2.970576e-01	-9.421457e-02	-6.433627e-02	-2.987830e-02
8.600000e+02	-1.722638e-02	-2.969870e-01	-9.421731e-02	-6.433503e-02	-2.988228e-02
8.610000e+02	-1.722576e-02	-2.969211e-01	-9.422362e-02	-6.433757e-02	-2.988605e-02
8.620000e+02	-1.722314e-02	-2.968510e-01	-9.422641e-02	-6.433635e-02	-2.989006e-02
8.630000e+02	-1.722254e-02	-2.967852e-01	-9.423274e-02	-6.433891e-02	-2.989383e-02
8.640000e+02	-1.721995e-02	-2.967152e-01	-9.423543e-02	-6.433767e-02	-2.989777e-02
8.650000e+02	-1.721935e-02	-2.966500e-01	-9.424169e-02	-6.434020e-02	-2.990150e-02
8.660000e+02	-1.721675e-02	-2.965805e-01	-9.424444e-02	-6.433897e-02	-2.990547e-02
8.670000e+02	-1.721616e-02	-2.965153e-01	-9.425073e-02	-6.434153e-02	-2.990920e-02
8.680000e+02	-1.721359e-02	-2.964461e-01	-9.425338e-02	-6.434028e-02	-2.991309e-02
8.690000e+02	-1.721301e-02	-2.963815e-01	-9.425959e-02	-6.434280e-02	-2.991679e-02
8.700000e+02	-1.721043e-02	-2.963126e-01	-9.426229e-02	-6.434158e-02	-2.992072e-02
8.710000e+02	-1.720986e-02	-2.962482e-01	-9.426853e-02	-6.434412e-02	-2.992441e-02
8.720000e+02	-1.720731e-02	-2.961795e-01	-9.427114e-02	-6.434288e-02	-2.992826e-02
8.730000e+02	-1.720674e-02	-2.961156e-01	-9.427730e-02	-6.434539e-02	-2.993192e-02
8.740000e+02	-1.720417e-02	-2.960474e-01	-9.427997e-02	-6.434416e-02	-2.993581e-02
8.750000e+02	-1.720362e-02	-2.959836e-01	-9.428616e-02	-6.434669e-02	-2.993946e-02
8.760000e+02	-1.720108e-02	-2.959156e-01	-9.428872e-02	-6.434545e-02	-2.994328e-02
8.770000e+02	-1.720053e-02	-2.958523e-01	-9.429484e-02	-6.434795e-02	-2.994689e-02
8.780000e+02	-1.719799e-02	-2.957848e-01	-9.429746e-02	-6.434672e-02	-2.995074e-02
8.790000e+02	-1.719745e-02	-2.957216e-01	-9.430360e-02	-6.434924e-02	-2.995435e-02
8.800000e+02	-1.719493e-02	-2.956542e-01	-9.430612e-02	-6.434799e-02	-2.995813e-02
8.810000e+02	-1.719439e-02	-2.955916e-01	-9.431219e-02	-6.435049e-02	-2.996170e-02
8.820000e+02	-1.719187e-02	-2.955247e-01	-9.431477e-02	-6.434925e-02	-2.996551e-02
8.830000e+02	-1.719134e-02	-2.954621e-01	-9.432086e-02	-6.435177e-02	-2.996909e-02
8.840000e+02	-1.718885e-02	-2.953954e-01	-9.432334e-02	-6.435052e-02	-2.997282e-02
8.850000e+02	-1.718832e-02	-2.953334e-01	-9.432936e-02	-6.435300e-02	-2.997636e-02
8.860000e+02	-1.718582e-02	-2.952671e-01	-9.433189e-02	-6.435176e-02	-2.998013e-02
8.870000e+02	-1.718531e-02	-2.952052e-01	-9.433794e-02	-6.435428e-02	-2.998366e-02
8.880000e+02	-1.718283e-02	-2.951391e-01	-9.434038e-02	-6.435302e-02	-2.998736e-02
8.890000e+02	-1.718232e-02	-2.950778e-01	-9.434635e-02	-6.435550e-02	-2.999086e-02
8.900000e+02	-1.717983e-02	-2.950121e-01	-9.434885e-02	-6.435425e-02	-2.999459e-02
8.910000e+02	-1.717934e-02	-2.949508e-01	-9.435484e-02	-6.435676e-02	-2.999809e-02
8.920000e+02	-1.717688e-02	-2.948854e-01	-9.435724e-02	-6.435550e-02	-3.000174e-02
8.930000e+02	-1.717638e-02	-2.948246e-01	-9.436316e-02	-6.435797e-02	-3.000520e-02
8.940000e+02	-1.717391e-02	-2.947596e-01	-9.436561e-02	-6.435672e-02	-3.000889e-02
8.950000e+02	-1.717343e-02	-2.946989e-01	-9.437156e-02	-6.435921e-02	-3.001235e-02
8.960000e+02	-1.717099e-02	-2.946340e-01	-9.437391e-02	-6.435795e-02	-3.001596e-02
8.970000e+02	-1.717052e-02	-2.945739e-01	-9.437979e-02	-6.436041e-02	-3.001938e-02
8.980000e+02	-1.716806e-02	-2.945095e-01	-9.438220e-02	-6.435916e-02	-3.002304e-02
8.990000e+02	-1.716760e-02	-2.944494e-01	-9.438810e-02	-6.436165e-02	-3.002645e-02
9.000000e+02	-1.716518e-02	-2.943852e-01	-9.439041e-02	-6.436038e-02	-3.003003e-02
9.010000e+02	-1.716471e-02	-2.943256e-01	-9.439624e-02	-6.436283e-02	-3.003341e-02
9.020000e+02	-1.716228e-02	-2.942618e-01	-9.439861e-02	-6.436158e-02	-3.003703e-02
9.030000e+02	-1.716183e-02	-2.942024e-01	-9.440447e-02	-6.436406e-02	-3.004040e-02
9.040000e+02	-1.715942e-02	-2.941388e-01	-9.440673e-02	-6.436279e-02	-3.004394e-02
9.050000e+02	-1.715898e-02	-2.940798e-01	-9.441252e-02	-6.436524e-02	-3.004728e-02
9.060000e+02	-1.715656e-02	-2.940166e-01	-9.441484e-02	-6.436398e-02	-3.005086e-02
9.070000e+02	-1.715612e-02	-2.939578e-01	-9.442065e-02	-6.436645e-02	-3.005420e-02
9.080000e+02	-1.715374e-02	-2.938947e-01	-9.442288e-02	-6.436518e-02	-3.005770e-02
9.090000e+02	-1.715331e-02	-2.938364e-01	-9.442862e-02	-6.436761e-02	-3.006100e-02
9.100000e+02	-1.715091e-02	-2.937738e-01	-9.443090e-02	-6.436635e-02	-3.006454e-02
9.110000e+02	-1.715049e-02	-2.937155e-01	-9.443666e-02	-6.436882e-02	-3.006784e-02
9.120000e+02	-1.714812e-02	-2.936531e-01	-9.443884e-02	-6.436754e-02	-3.007130e-02
9.130000e+02	-1.714770e-02	-2.935954e-01	-9.444453e-02	-6.436997e-02	-3.007456e-02
9.140000e+02	-1.714532e-02	-2.935333e-01	-9.444677e-02	-6.436871e-02	-3.007807e-02
9.150000e+02	-1.714492e-02	-2.934757e-01	-9.445248e-02	-6.437116e-02	-3.008132e-02
9.160000e+02	-1.714256e-02	-2.934138e-01	-9.445463e-02	-6.436988e-02	-3.008475e-02
9.170000e+02	-1.714216e-02	-2.933567e-01	-9.446027e-02	-6.437230e-02	-3.008797e-02
9.180000e+02	-1.713980e-02	-2.932952e-01	-9.446247e-02	-6.437103e-02	-3.009144e-02
9.190000e+02	-1.713941e-02	-2.932381e-01	-9.446814e-02	-6.437348e-02	-3.009466e-02
9.200000e+02	-1.713708e-02	-2.931769e-01	-9.447023e-02	-6.437219e-02	-3.009804e-02
9.210000e+02	-1.713669e-02	-2.931203e-01	-9.447584e-02	-6.437461e-02	-3.010123e-02
9.220000e+02	-1.713434e-02	-2.930594e-01	-9.447800e-02	-6.437334e-02	-3.010466e-02
9.230000e+02	-1.713397e-02	-2.930029e-01	-9.448362e-02	-6.437578e-02	-3.010784e-02
9.240000e+02	-1.713165e-02	-2.929422e-01	-9.448568e-02	-6.437449e-02	-3.011119e-02
9.250000e+02	-1.713128e-02	-2.928862e-01	-9.449123e-02	-6.437689e-02	-3.011434e-02
9.260000e+02	-1.712895e-02	-2.928260e-01	-9.449334e-02	-6.437562e-02	-3.011773e-02
9.270000e+02	-1.712859e-02	-2.927700e-01	-9.449892e-02	-6.437805e-02	-3.012087e-02
9.280000e+02	-1.712629e-02	-2.927099e-01	-9.450092e-02	-6.437675e-02	-3.012417e-02
9.290000e+02	-1.712594e-02	-2.926545e-01	-9.450644e-02	-6.437916e-02	-3.012728e-02
9.300000e+02	-1.712362e-02	-2.925947e-01	-9.450852e-02	-6.437788e-02	-3.013064e-02
9.310000e+02	-1.712328e-02	-2.925394e-01	-9.451405e-02	-6.438030e-02	-3.013375e-02
9.320000e+02	-1.712099e-02	-2.924798e-01	-9.451601e-02	-6.437900e-02	-3.013701e-02
9.330000e+02	-1.712066e-02	-2.924249e-01	-9.452147e-02	-6.438139e-02	-3.014008e-02
9.340000e+02	-1.711836e-02	-2.923658e-01	-9.452350e-02	-6.438011e-02	-3.014339e-02
9.350000e+02	-1.711803e-02	-2.923110e-01	-9.452899e-02	-6.438253e-02	-3.014646e-02
9.360000e+02	-1.711576e-02	-2.922520e-01	-9.453092e-02	-6.438122e-02	-3.014970e-02
9.370000e+02	-1.711544e-02	-2.921977e-01	-9.453634e-02	-6.438361e-02	-3.015273e-02
9.380000e+02	-1.711316e-02	-2.921391e-01	-9.453833e-02	-6.438232e-02	-3.015601e-02
9.390000e+02	-1.711284e-02	-2.920848e-01	-9.454377e-02	-6.438473e-02	-3.015904e-02
9.400000e+02	-1.711060e-02	-2.920264e-01	-9.454566e-02	-6.438343e-02	-3.016223e-02
9.410000e+02	-1.711029e-02	-2.919726e-01	-9.455103e-02	-6.438580e-02	-3.016523e-02
9.420000e+02	-1.710802e-02	-2.919146e-01	-9.455299e-02	-6.438451e-02	-3.016847e-02
9.430000e+02	-1.710772e-02	-2.918609e-01	-9.455838e-02	-6.438691e-02	-3.017147e-02
9.440000e+02	-1.710549e-02	-2.918031e-01	-9.456028e-02	-6.438562e-02	-3.017465e-02
9.450000e+02	-1.710519e-02	-2.917497e-01	-9.456563e-02	-6.438801e-02	-3.017763e-02
9.460000e+02	-1.710296e-02	-2.916922e-01	-9.456747e-02	-6.438669e-02	-3.018078e-02
9.470000e+02	-1.710267e-02	-2.916392e-01	-9.457278e-02	-6.438906e-02	-3.018372e-02
9.480000e+02	-1.710044e-02	-2.915819e-01	-9.457464e-02	-6.438776e-02	-3.018688e-02
9.490000e+02	-1.710016e-02	-2.915290e-01	-9.457995e-02	-6.439014e-02	-3.018981e-02
9.500000e+02	-1.709794e-02	-2.914719e-01	-9.458176e-02	-6.438882e-02	-3.019293e-02
9.510000e+02	-1.709767e-02	-2.914195e-01	-9.458703e-02	-6.439118e-02	-3.019584e-02
9.520000e+02	-1.709546e-02	-2.913628e-01	-9.458886e-02	-6.438989e-02	-3.019897e-02
9.530000e+02	-1.709520e-02	-2.913105e-01	-9.459414e-02	-6.439227e-02	-3.020187e-02
9.540000e+02	-1.709300e-02	-2.912539e-01	-9.459589e-02	-6.439094e-02	-3.020494e-02
9.550000e+02	-1.709274e-02	-2.912021e-01	-9.460113e-02	-6.439330e-02	-3.020782e-02
9.560000e+02	-1.709054e-02	-2.911459e-01	-9.460292e-02	-6.439200e-02	-3.021092e-02
9.570000e+02	-1.709030e-02	-2.910941e-01	-9.460814e-02	-6.439437e-02	-3.021377e-02
9.580000e+02	-1.708811e-02	-2.910381e-01	-9.460986e-02	-6.439304e-02	-3.021682e-02
9.590000e+02	-1.708786e-02	-2.909867e-01	-9.461507e-02	-6.439540e-02	-3.021967e-02
9.600000e+02	-1.708568e-02	-2.909311e-01	-9.461681e-02	-6.439409e-02	-3.022272e-02
9.610000e+02	-1.708545e-02	-2.908798e-01	-9.462199e-02	-6.439645e-02	-3.022554e-02
9.620000e+02	-1.708329e-02	-2.908243e-01	-9.462367e-02	-6.439512e-02	-3.022855e-02
9.630000e+02	-1.708306e-02	-2.907735e-01	-9.462883e-02	-6.439747e-02	-3.023136e-02
9.640000e+02	-1.708089e-02	-2.907184e-01	-9.463054e-02	-6.439615e-02	-3.023438e-02
9.650000e+02	-1.708066e-02	-2.906676e-01	-9.463568e-02	-6.439850e-02	-3.023717e-02
9.660000e+02	-1.707852e-02	-2.906126e-01	-9.463731e-02	-6.439717e-02	-3.024014e-02
9.670000e+02	-1.707830e-02	-2.905623e-01	-9.464243e-02	-6.439952e-02	-3.024291e-02
9.680000e+02	-1.707615e-02	-2.905077e-01	-9.464409e-02	-6.439820e-02	-3.024589e-02
9.690000e+02	-1.707595e-02	-2.904575e-01	-9.464918e-02	-6.440054e-02	-3.024865e-02
9.700000e+02	-1.707381e-02	-2.904030e-01	-9.465078e-02	-6.439920e-02	-3.025158e-02
9.710000e+02	-1.707361e-02	-2.903532e-01	-9.465586e-02	-6.440154e-02	-3.025432e-02
9.720000e+02	-1.707148e-02	-2.902991e-01	-9.465748e-02	-6.440022e-02	-3.025726e-02
9.730000e+02	-1.707128e-02	-2.902494e-01	-9.466253e-02	-6.440255e-02	-3.025998e-02
9.740000e+02	-1.706917e-02	-2.901955e-01	-9.466409e-02	-6.440121e-02	-3.026287e-02
9.750000e+02	-1.706898e-02	-2.901462e-01	-9.466912e-02	-6.440354e-02	-3.026558e-02
9.760000e+02	-1.706686e-02	-2.900926e-01	-9.467070e-02	-6.440221e-02	-3.026849e-02
9.770000e+02	-1.706668e-02	-2.900434e-01	-9.467571e-02	-6.440454e-02	-3.027117e-02
9.780000e+02	-1.706458e-02	-2.899899e-01	-9.467723e-02	-6.440320e-02	-3.027403e-02
9.790000e+02	-1.706441e-02	-2.899411e-01	-9.468223e-02	-6.440552e-02	-3.027670e-02
9.800000e+02	-1.706231e-02	-2.898880e-01	-9.468377e-02	-6.440419e-02	-3.027958e-02
9.810000e+02	-1.706214e-02	-2.898394e-01	-9.468873e-02	-6.440651e-02	-3.028222e-02
9.820000e+02	-1.706006e-02	-2.897864e-01	-9.469021e-02	-6.440516e-02	-3.028505e-02
9.830000e+02	-1.705990e-02	-2.897381e-01	-9.469516e-02	-6.440748e-02	-3.028768e-02
9.840000e+02	-1.705781e-02	-2.896855e-01	-9.469667e-02	-6.440614e-02	-3.029053e-02
9.850000e+02	-1.705766e-02	-2.896373e-01	-9.470160e-02	-6.440846e-02	-3.029314e-02
9.860000e+02	-1.705559e-02	-2.895849e-01	-9.470304e-02	-6.440711e-02	-3.029593e-02
9.870000e+02	-1.705545e-02	-2.895371e-01	-9.470795e-02	-6.440942e-02	-3.029853e-02
9.880000e+02	-1.705337e-02	-2.894850e-01	-9.470941e-02	-6.440808e-02	-3.030134e-02
9.890000e+02	-1.705323e-02	-2.894373e-01	-9.471429e-02	-6.441038e-02	-3.030391e-02
9.900000e+02	-1.705118e-02	-2.893853e-01	-9.471570e-02	-6.440903e-02	-3.030667e-02
9.910000e+02	-1.705105e-02	-2.893380e-01	-9.472056e-02	-6.441133e-02	-3.030923e-02
9.920000e+02	-1.704899e-02	-2.892864e-01	-9.472199e-02	-6.440999e-02	-3.031200e-02
9.930000e+02	-1.704887e-02	-2.892392e-01	-9.472683e-02	-6.441229e-02	-3.031454e-02
9.940000e+02	-1.704683e-02	-2.891877e-01	-9.472819e-02	-6.441093e-02	-3.031727e-02
9.950000e+02	-1.704671e-02	-2.891409e-01	-9.473302e-02	-6.441322e-02	-3.031979e-02
9.960000e+02	-1.704467e-02	-2.890897e-01	-9.473441e-02	-6.441188e-02	-3.032253e-02
9.970000e+02	-1.704457e-02	-2.890430e-01	-9.473921e-02	-6.441417e-02	-3.032504e-02
9.980000e+02	-1.704254e-02	-2.889920e-01	-9.474053e-02	-6.441281e-02	-3.032773e-02
9.990000e+02	-1.704243e-02	-2.889456e-01	-9.474531e-02	-6.441509e-02	-3.033022e-02
1.000000e+03	-1.704041e-02	-2.888950e-01	-9.474667e-02	-6.441374e-02	-3.033292e-02
